enzymes	ranges	minU	maxU	pU
P00127	1.49568309508207e-06	3.62192848729537e-05	3.77149679680357e-05	3.62192848729537e-05
P00128	1.49568309508207e-06	3.62192848729537e-05	3.77149679680357e-05	3.62192848729537e-05
P00163	1.49568309508207e-06	3.62192848729537e-05	3.77149679680357e-05	3.62192848729537e-05
P00330	1.49650687575e-05	1.40844654286703e-06	1.6373515300367e-05	1.40844654286703e-06
P00358	8.82716752440373e-05	5.31226562464517e-06	9.35839408686825e-05	5.31226562464517e-06
P00359	8.8642389747875e-05	5.3271415079961e-06	9.39695312558711e-05	6.88669484982903e-05
P00360	8.86301187635164e-05	5.32664976635489e-06	9.39567685298713e-05	5.32664976635489e-06
P00401	4.74477694186091e-07	1.14898957059118e-05	1.19643734000979e-05	1.14898957059118e-05
P00410	4.74477694186091e-07	1.14898957059118e-05	1.19643734000979e-05	1.14898957059118e-05
P00420	4.74477694186091e-07	1.14898957059118e-05	1.19643734000979e-05	1.14898957059118e-05
P00425	4.74477694186091e-07	1.14833690685913e-05	1.19578467627774e-05	1.14833690685913e-05
P00427	4.74477694186091e-07	1.14833690685913e-05	1.19578467627774e-05	1.14833690685913e-05
P00549	1.0684615939713e-05	0	1.0684615939713e-05	8.01205648233266e-06
P00560	1.23260888223293e-05	4.12509660619567e-06	1.6451185428525e-05	4.12509660619567e-06
P00830	6.35447474586858e-06	2.36892373304333e-05	3.00437120763019e-05	2.8856185614702e-05
P00854	6.35443407723021e-06	2.36890857193144e-05	3.00435197965446e-05	2.88560009351141e-05
P00856	6.35443407723021e-06	2.36890857193144e-05	3.00435197965446e-05	2.88560009351141e-05
P00890	3.81973997308059e-06	0	3.81973997308059e-06	3.50434659326411e-06
P00924	1.63942157870537e-05	1.50199204168442e-06	1.78962078287382e-05	1.50199204168442e-06
P00925	1.63599342750709e-05	1.49885126576418e-06	1.78587855408351e-05	1.49885126576418e-06
P00942	2.05800063864099e-05	1.98309971523424e-06	2.25631061016441e-05	1.98309971523424e-06
P00950	1.99738241443507e-05	4.62283837674067e-06	2.45966625210914e-05	4.62283837674067e-06
P04037	4.74477694186091e-07	1.14833690685913e-05	1.19578467627774e-05	1.14833690685913e-05
P04039	9.48955388372183e-07	2.29667381371825e-05	2.39156935255547e-05	2.29667381371825e-05
P04385	0	0	0	0
P04397	7.0522280312925e-06	0	7.0522280312925e-06	0
P04806	5.06476840117935e-06	0	5.06476840117935e-06	3.93331987177744e-06
P04807	9.74540847102403e-06	4.91451694260207e-07	1.02368601652842e-05	4.91451694260207e-07
P05626	6.35443407723021e-06	2.36890857193144e-05	3.00435197965446e-05	2.88560009351141e-05
P06169	2.22025250622241e-05	7.50996147208835e-07	2.2953521209433e-05	1.29529761431065e-05
P07143	1.49568309508207e-06	3.62192848729537e-05	3.77149679680357e-05	3.62192848729537e-05
P07170	2.34955826123488e-05	0	2.34955826123488e-05	0
P07251	6.35447474586858e-06	2.36892373304333e-05	3.00437120763019e-05	2.8856185614702e-05
P07255	4.74477694186091e-07	1.14898957059118e-05	1.19643734000979e-05	1.14898957059118e-05
P07256	1.49568309508207e-06	3.62192848729537e-05	3.77149679680357e-05	3.62192848729537e-05
P07257	1.49568309508207e-06	3.62192848729537e-05	3.77149679680357e-05	3.62192848729537e-05
P08067	1.49568309508207e-06	3.62192848729537e-05	3.77149679680357e-05	3.62192848729537e-05
P08417	1.04076385386029e-05	4.34596741680834e-07	1.08422352802838e-05	4.67242258028787e-07
P08431	1.30104336971709e-05	1.19424728468013e-06	1.42046809818511e-05	1.19424728468013e-06
P08525	1.49568309508207e-06	3.62192848729537e-05	3.77149679680357e-05	3.62192848729537e-05
P09201	1.72894909977521e-06	0	1.72894909977521e-06	0
P09457	6.35443407723021e-06	2.36890857193144e-05	3.00435197965446e-05	2.88560009351141e-05
P09624	2.48426816235999e-06	1.43504666745052e-05	1.68347348368651e-05	1.55299194161362e-05
P0CX10	1.62170310160645e-05	1.48575887021772e-06	1.77027898862822e-05	1.48575887021772e-06
P0CX11	1.62170310160646e-05	0	1.62170310160646e-05	0
P10174	4.74477694186091e-07	1.14833690685913e-05	1.19578467627774e-05	1.14833690685913e-05
P10963	1.24901803396796e-06	0	1.24901803396796e-06	0
P11154	3.9867104044893e-06	0	3.9867104044893e-06	2.69585729590399e-06
P11412	2.10866518756405e-07	1.7224656203995e-07	3.83113080796355e-07	2.27475808689079e-07
P12695	1.80244904912514e-07	1.04127652338872e-06	1.22152142830124e-06	1.12685816182344e-06
P12709	8.99606235612536e-06	1.94098310270066e-06	1.0937045458826e-05	1.94098310270066e-06
P14540	1.65324991833182e-05	2.7702115138642e-05	4.42346143219602e-05	3.03163310176443e-05
P15019	1.48894269917696e-05	2.20114550526803e-06	1.70905724970376e-05	2.20114550526803e-06
P16387	2.48426816235999e-06	1.43504666745052e-05	1.68347348368651e-05	1.55299194161362e-05
P16451	1.80259651058122e-07	1.04127652338872e-06	1.22153617444685e-06	1.12685816182344e-06
P16467	2.2048956985289e-05	7.50676502698978e-07	2.27996334879879e-05	7.50676502698978e-07
P16861	1.97748729725187e-06	0	1.97748729725187e-06	0
P16862	2.21760173846162e-06	1.41068761046552e-06	3.62828934892714e-06	2.75989357817771e-06
P17505	1.56473216266912e-05	2.3610015855445e-06	1.80083232122357e-05	2.53995696149632e-06
P17709	5.04911814289919e-06	2.27251568112293e-07	5.27636971101148e-06	2.27251568112293e-07
P19414	6.45964770069701e-06	3.91148151031088e-06	1.03711292110079e-05	3.91148151031088e-06
P19516	3.57360345460095e-06	3.77182834494284e-07	3.95078628909523e-06	3.77182834494284e-07
P20967	3.24650205130102e-06	1.57524165789996e-05	1.89989186303007e-05	1.73950959946291e-05
P21306	6.35443407723021e-06	2.36890857193144e-05	3.00435197965446e-05	2.88560009351141e-05
P21801	3.58532237757359e-07	2.04986184171306e-06	2.40839407947042e-06	2.2051789195613e-06
P21826	6.16012652059519e-07	0	6.16012652059519e-07	0
P21954	3.21610959311225e-06	1.60602609244157e-05	1.9276370517528e-05	1.76840037578255e-05
P22289	1.49568309508207e-06	3.62192848729537e-05	3.77149679680357e-05	3.62192848729537e-05
P23254	7.76485210499602e-06	7.30669681867436e-07	8.49552178686346e-06	1.02388604012454e-06
P26263	2.21710632592865e-05	7.50930999574466e-07	2.29219942588609e-05	7.50930999574466e-07
P28240	8.96494852697921e-07	0	8.96494852697921e-07	9.14273417056493e-10
P30902	6.35443407723021e-06	2.36890857193144e-05	3.00435197965446e-05	2.88560009351141e-05
P30952	6.16012699929167e-07	0	6.16012699929167e-07	6.28562974226339e-10
P32327	3.9860760051108e-06	0	3.9860760051108e-06	0
P32340	3.29978206776988e-06	3.97673604658163e-06	7.2765181143515e-06	7.00105119793022e-06
P32473	2.48426816235999e-06	1.43504666745052e-05	1.68347348368651e-05	1.55299194161362e-05
P32799	4.74477694186091e-07	1.14833690685913e-05	1.19578467627774e-05	1.14833690685913e-05
P33315	7.63820907126111e-06	0	7.63820907126111e-06	0
P33401	8.73765992233514e-06	0	8.73765992233514e-06	0
P33421	3.58532237757359e-07	2.04986184171306e-06	2.40839407947042e-06	2.2051789195613e-06
P37012	8.7409008273322e-06	0	8.7409008273322e-06	0
P37298	3.58532237757359e-07	2.04986184171306e-06	2.40839407947042e-06	2.2051789195613e-06
P37299	1.49568309508207e-06	3.62192848729537e-05	3.77149679680357e-05	3.62192848729537e-05
P38077	6.35443407723021e-06	2.36890857193144e-05	3.00435197965446e-05	2.88560009351141e-05
P38113	1.46475028720155e-05	0	1.46475028720155e-05	0
P38720	5.88129643678048e-06	3.37365644410478e-07	6.21866208119096e-06	3.51096556227338e-06
P38824	3.57360345460095e-06	3.77182834494284e-07	3.95078628909523e-06	3.77182834494284e-07
P38858	2.17633654117303e-05	1.24765741933026e-06	2.30110228310605e-05	1.31474751939072e-05
P40047	4.94594822232469e-06	3.08641013250245e-07	5.25458923557494e-06	3.08641013250245e-07
P40106	3.90158303464755e-06	0	3.90158303464755e-06	0
P40215	3.10312410238927e-06	0	3.10312410238927e-06	0
P41277	3.90158303464755e-06	2.05346475507766e-07	4.10692951015532e-06	2.05346475507766e-07
P41911	3.85324483775811e-07	0	3.85324483775811e-07	0
P42222	1.62221382349668e-05	1.48622677928063e-06	1.77083650142475e-05	6.05293682145525e-06
P43635	3.81913342094689e-06	0	3.81913342094689e-06	0
P46367	4.94582697846297e-06	0	4.94582697846297e-06	0
P46969	2.1441675241168e-05	4.17169679138447e-07	2.18588449203064e-05	6.22450544216679e-07
P47052	3.1476614746812e-06	0	3.1476614746812e-06	0
P47081	3.57360345460095e-06	3.77182834494284e-07	3.95078628909523e-06	3.77182834494284e-07
P47771	6.94526160206881e-06	0	6.94526160206881e-06	0
P52489	1.06536461033847e-05	0	1.06536461033847e-05	0
P52910	1.77041498028706e-06	0	1.77041498028706e-06	6.49988185600071e-07
P53239	3.57360345460095e-06	3.77182834494284e-07	3.95078628909523e-06	3.77182834494284e-07
P53312	4.48499788072064e-07	2.17920593169088e-06	2.62770571976294e-06	2.40592546827091e-06
P53315	2.17476490689306e-05	1.24719397993774e-06	2.29948430488683e-05	1.24719397993774e-06
P53319	5.88063852797895e-06	3.37346238193036e-07	6.21798476617199e-06	3.37346238193036e-07
P53598	4.48505908805451e-07	2.17919981095749e-06	2.62770571976294e-06	2.40592546827091e-06
P54115	1.17212725815796e-05	7.15055608528408e-07	1.2436328190108e-05	9.25838433284868e-06
P61829	6.35447474586858e-06	2.36892373304333e-05	3.00437120763019e-05	2.8856185614702e-05
P81449	6.35443407723021e-06	2.36890857193144e-05	3.00435197965446e-05	2.88560009351141e-05
P81450	6.35443407723021e-06	2.36890857193144e-05	3.00435197965446e-05	2.88560009351141e-05
P81451	6.35443407723021e-06	2.36890857193144e-05	3.00435197965446e-05	2.88560009351141e-05
Q00055	3.85324483775811e-07	2.02802359882006e-08	4.05604719764012e-07	2.02802359882006e-08
Q00711	2.40839407947042e-06	0	2.40839407947042e-06	2.2051789195613e-06
Q01519	4.74477694186091e-07	1.14833690685913e-05	1.19578467627774e-05	1.14833690685913e-05
Q01574	1.76051672890137e-06	0	1.76051672890137e-06	0
Q04458	1.00285188417454e-05	6.26272094378309e-07	1.06547909361237e-05	6.26272094378309e-07
Q04935	3.57360345460095e-06	3.77182834494284e-07	3.95078628909523e-06	3.77182834494284e-07
Q06204	1.50051867347613e-05	9.99466413434586e-07	1.60046531481959e-05	9.99466413434586e-07
Q06405	6.35443407723021e-06	2.36890857193144e-05	3.00435197965446e-05	2.88560009351141e-05
Q07500	3.04449572651568e-06	0	3.04449572651568e-06	0
Q12055	2.50793674235892e-05	0	2.50793674235892e-05	8.11191745110945e-07
Q12165	6.35443407723021e-06	2.36890857193144e-05	3.00435197965446e-05	2.88560009351141e-05
Q12189	1.95758573550818e-05	7.17120701564653e-06	2.67470643707283e-05	7.23233466337339e-06
Q12233	6.35443407723021e-06	2.36890857193144e-05	3.00435197965446e-05	2.88560009351141e-05
Q12349	6.35443407723021e-06	2.36890857193144e-05	3.00435197965446e-05	2.88560009351141e-05
Q3E731	3.57360345460095e-06	3.77182834494284e-07	3.95078628909523e-06	3.77182834494284e-07
