enzymes	subSystems	D_0	D_005	D_01	D_015	D_02	D_025	D_03	D_035	D_04	D_045	D_05	D_055	D_06	D_065	D_07	D_075	D_08	D_085	D_09	D_095	D_1	D_105	D_11	D_115	D_12	D_125	D_13	D_135	D_14	D_145	D_15	D_155	D_16	D_165	D_17	D_175	D_18	D_185	D_19	D_195	D_2	D_205	D_21	D_215	D_22	D_225	D_23	D_235	D_24	D_245	D_25	D_255	D_26	D_265	D_27	D_275	D_28	D_285	D_29	D_295	D_3	D_305	D_31	D_315	D_32	D_325	D_33	D_335	D_34	D_345	D_35	D_355	D_36	D_365	D_37	D_375	D_38	D_385	D_39	D_395	D_4
P00127	Oxidative Phosphorylation	0.015273	0.015606	0.01588	0.016159	0.016418	0.016623	0.01679	0.016929	0.017047	0.017148	0.017239	0.01732	0.017391	0.017455	0.017512	0.017564	0.017612	0.017655	0.017695	0.017732	0.017767	0.017799	0.017829	0.017857	0.017884	0.017909	0.017932	0.017955	0.017976	0.017996	0.018016	0.018034	0.018052	0.018069	0.018085	0.018101	0.018116	0.01813	0.018144	0.018158	0.018171	0.018184	0.018196	0.018208	0.01822	0.018231	0.018242	0.018253	0.018263	0.018273	0.018283	0.018293	0.018302	0.018311	0.01832	0.018329	0.018304	0.017961	0.017459	0.017031	0.016605	0.016182	0.015761	0.015343	0.014932	0.014527	0.014125	0.013725	0.01333	0.012945	0.012562	0.012188	0.011819	0.011453	0.011088	0.010726	0.010367	0.01001	0.009655	0.009302	0.008952
P00128	Oxidative Phosphorylation	0.01289	0.013171	0.013402	0.013638	0.013857	0.01403	0.014171	0.014288	0.014387	0.014473	0.01455	0.014618	0.014678	0.014732	0.01478	0.014824	0.014864	0.014901	0.014935	0.014966	0.014995	0.015022	0.015048	0.015071	0.015094	0.015115	0.015135	0.015154	0.015172	0.015189	0.015205	0.015221	0.015236	0.01525	0.015264	0.015277	0.01529	0.015302	0.015314	0.015325	0.015336	0.015347	0.015357	0.015368	0.015377	0.015387	0.015396	0.015405	0.015414	0.015422	0.015431	0.015439	0.015447	0.015455	0.015462	0.01547	0.015448	0.015159	0.014735	0.014374	0.014015	0.013658	0.013302	0.012949	0.012603	0.012261	0.011921	0.011584	0.01125	0.010925	0.010602	0.010287	0.009975	0.009666	0.009358	0.009053	0.00875	0.008448	0.008149	0.007851	0.007556
P00163	Oxidative Phosphorylation	0.038637	0.039479	0.040172	0.040879	0.041534	0.042052	0.042475	0.042826	0.043124	0.04338	0.043611	0.043814	0.043995	0.044156	0.044301	0.044433	0.044553	0.044663	0.044765	0.044858	0.044946	0.045027	0.045103	0.045174	0.045241	0.045304	0.045364	0.045421	0.045475	0.045526	0.045575	0.045622	0.045667	0.04571	0.045751	0.04579	0.045829	0.045865	0.045901	0.045935	0.045968	0.046001	0.046032	0.046062	0.046091	0.04612	0.046148	0.046175	0.046201	0.046227	0.046252	0.046276	0.0463	0.046323	0.046346	0.046368	0.046304	0.045437	0.044167	0.043084	0.042007	0.040936	0.039872	0.038814	0.037774	0.03675	0.035732	0.03472	0.033721	0.032747	0.031779	0.030833	0.0299	0.028972	0.028051	0.027135	0.026225	0.025322	0.024424	0.023532	0.022647
P00330	Anaerobic excretion // Anaerobic excretion	0	0	0	0	0	0	0	0	0	0	0	0	0	0	0	0	0	0	0	0	0	0	0	0	0	0	0	0	0	0	0	0	0	0	0	0	0	0	0	0	0	0	0	0	0	0	0	0	0	0	0	0	0	0	0	0	0	0.00014	0.000395	0.000611	0.000826	0.001039	0.001251	0.001462	0.001669	0.001874	0.002078	0.00228	0.00248	0.002675	0.00287	0.003061	0.003249	0.003436	0.003622	0.003807	0.00399	0.004173	0.004354	0.004533	0.004712
P00358	Glycolysis // Glycolysis	0	0	0	0	0	0	0	0	0	0	0	0	0	0	0	0	0	0	0	0	0	0	0	0	0	0	0	0	0	0	0	0	0	0	0	0	0	0	0	0	0	0	0	0	0	0	0	0	0	0	0	0	0	0	0	0	0	0	0	0	0	0	0	0	0	0	0	0	0	0	0	0	0	0	0	0	0	0	0	0	0
P00359	Glycolysis // Glycolysis	0.032056	0.035135	0.037629	0.03946	0.04059	0.041468	0.042167	0.042735	0.043201	0.04359	0.043919	0.044199	0.044437	0.044641	0.044817	0.044969	0.0451	0.045214	0.045312	0.045397	0.04547	0.045533	0.045588	0.045634	0.045673	0.045706	0.045733	0.045755	0.045772	0.045785	0.045794	0.0458	0.045803	0.045803	0.0458	0.045795	0.045788	0.045779	0.045767	0.045755	0.04574	0.045724	0.045707	0.045689	0.045669	0.045649	0.045627	0.045605	0.045582	0.045558	0.045533	0.045508	0.045482	0.045455	0.045428	0.045401	0.047474	0.055448	0.063982	0.071251	0.078477	0.085661	0.092802	0.099901	0.106896	0.113803	0.120668	0.127491	0.134239	0.140851	0.147421	0.153869	0.160245	0.166579	0.172873	0.179126	0.185337	0.191507	0.197637	0.203725	0.209772
P00360	Glycolysis // Glycolysis	0	0	0	0	0	0	0	0	0	0	0	0	0	0	0	0	0	0	0	0	0	0	0	0	0	0	0	0	0	0	0	0	0	0	0	0	0	0	0	0	0	0	0	0	0	0	0	0	0	0	0	0	0	0	0	0	0	0	0	0	0	0	0	0	0	0	0	0	0	0	0	0	0	0	0	0	0	0	0	0	0
P00401	Oxidative Phosphorylation // Oxidative Phosphorylation	0.016508	0.016868	0.017164	0.017466	0.017746	0.017967	0.018148	0.018298	0.018425	0.018535	0.018633	0.01872	0.018797	0.018866	0.018928	0.018985	0.019036	0.019083	0.019126	0.019166	0.019204	0.019238	0.019271	0.019301	0.01933	0.019357	0.019383	0.019407	0.01943	0.019452	0.019473	0.019493	0.019512	0.01953	0.019548	0.019565	0.019581	0.019597	0.019612	0.019626	0.019641	0.019654	0.019668	0.019681	0.019693	0.019705	0.019717	0.019729	0.01974	0.019751	0.019762	0.019772	0.019782	0.019792	0.019802	0.019812	0.019784	0.019414	0.018871	0.018408	0.017948	0.017491	0.017036	0.016584	0.01614	0.015702	0.015267	0.014835	0.014408	0.013992	0.013578	0.013174	0.012775	0.012379	0.011985	0.011594	0.011205	0.010819	0.010436	0.010055	0.009676
P00410	Oxidative Phosphorylation // Oxidative Phosphorylation	0.00802	0.008195	0.008339	0.008486	0.008622	0.008729	0.008817	0.00889	0.008952	0.009005	0.009053	0.009095	0.009133	0.009166	0.009196	0.009224	0.009249	0.009271	0.009293	0.009312	0.00933	0.009347	0.009363	0.009378	0.009391	0.009405	0.009417	0.009429	0.00944	0.009451	0.009461	0.009471	0.00948	0.009489	0.009497	0.009506	0.009513	0.009521	0.009528	0.009536	0.009542	0.009549	0.009556	0.009562	0.009568	0.009574	0.00958	0.009585	0.009591	0.009596	0.009601	0.009606	0.009611	0.009616	0.009621	0.009625	0.009612	0.009432	0.009169	0.008944	0.00872	0.008498	0.008277	0.008057	0.007841	0.007629	0.007417	0.007207	0.007	0.006798	0.006597	0.006401	0.006207	0.006014	0.005823	0.005633	0.005444	0.005256	0.00507	0.004885	0.004701
P00420	Oxidative Phosphorylation // Oxidative Phosphorylation	0.008524	0.008709	0.008862	0.009018	0.009163	0.009277	0.00937	0.009448	0.009514	0.00957	0.009621	0.009666	0.009706	0.009741	0.009773	0.009802	0.009829	0.009853	0.009876	0.009896	0.009916	0.009933	0.00995	0.009966	0.009981	0.009995	0.010008	0.01002	0.010032	0.010044	0.010054	0.010065	0.010075	0.010084	0.010093	0.010102	0.01011	0.010118	0.010126	0.010134	0.010141	0.010148	0.010155	0.010162	0.010168	0.010175	0.010181	0.010187	0.010193	0.010198	0.010204	0.010209	0.010214	0.01022	0.010225	0.010229	0.010215	0.010024	0.009744	0.009505	0.009267	0.009031	0.008796	0.008563	0.008333	0.008108	0.007883	0.00766	0.007439	0.007224	0.007011	0.006802	0.006596	0.006392	0.006188	0.005986	0.005786	0.005586	0.005388	0.005192	0.004996
P00425	Oxidative Phosphorylation	0.004828	0.004933	0.00502	0.005108	0.00519	0.005255	0.005308	0.005352	0.005389	0.005421	0.00545	0.005475	0.005498	0.005518	0.005536	0.005552	0.005567	0.005581	0.005594	0.005606	0.005616	0.005627	0.005636	0.005645	0.005653	0.005661	0.005669	0.005676	0.005683	0.005689	0.005695	0.005701	0.005707	0.005712	0.005717	0.005722	0.005727	0.005731	0.005736	0.00574	0.005744	0.005748	0.005752	0.005756	0.00576	0.005763	0.005767	0.00577	0.005773	0.005777	0.00578	0.005783	0.005786	0.005789	0.005791	0.005794	0.005786	0.005678	0.005519	0.005384	0.005249	0.005115	0.004982	0.00485	0.00472	0.004592	0.004465	0.004339	0.004214	0.004092	0.003971	0.003853	0.003736	0.00362	0.003505	0.003391	0.003277	0.003164	0.003052	0.002941	0.00283
P00427	Oxidative Phosphorylation	0.004869	0.004975	0.005062	0.005151	0.005234	0.005299	0.005352	0.005397	0.005434	0.005467	0.005496	0.005521	0.005544	0.005564	0.005583	0.005599	0.005614	0.005628	0.005641	0.005653	0.005664	0.005674	0.005684	0.005693	0.005701	0.005709	0.005717	0.005724	0.005731	0.005737	0.005743	0.005749	0.005755	0.00576	0.005765	0.00577	0.005775	0.00578	0.005784	0.005789	0.005793	0.005797	0.005801	0.005804	0.005808	0.005812	0.005815	0.005819	0.005822	0.005825	0.005828	0.005831	0.005834	0.005837	0.00584	0.005843	0.005835	0.005726	0.005566	0.005429	0.005294	0.005159	0.005024	0.004891	0.00476	0.004631	0.004503	0.004375	0.004249	0.004127	0.004005	0.003885	0.003768	0.003651	0.003535	0.003419	0.003305	0.003191	0.003078	0.002965	0.002854
P00549	Glycolysis	0.005208	0.005579	0.005879	0.0061	0.006229	0.00633	0.00641	0.006474	0.006528	0.006572	0.006609	0.006641	0.006668	0.006691	0.006711	0.006728	0.006742	0.006755	0.006766	0.006775	0.006783	0.00679	0.006796	0.006801	0.006805	0.006808	0.006811	0.006813	0.006815	0.006816	0.006816	0.006817	0.006817	0.006816	0.006815	0.006815	0.006813	0.006812	0.00681	0.006808	0.006806	0.006804	0.006802	0.006799	0.006797	0.006794	0.006791	0.006788	0.006785	0.006782	0.006779	0.006776	0.006772	0.006769	0.006766	0.006762	0.007096	0.00838	0.009755	0.010925	0.012088	0.013244	0.014393	0.015536	0.016661	0.017772	0.018876	0.019974	0.021059	0.022122	0.023178	0.024215	0.025239	0.026257	0.027269	0.028274	0.029272	0.030263	0.031248	0.032226	0.033197
P00560	Glycolysis // Glycolysis	0.001846	0.002016	0.002154	0.002255	0.002317	0.002365	0.002404	0.002435	0.002461	0.002482	0.0025	0.002515	0.002528	0.002539	0.002549	0.002557	0.002565	0.002571	0.002576	0.002581	0.002585	0.002588	0.002591	0.002594	0.002596	0.002598	0.002599	0.0026	0.002601	0.002602	0.002602	0.002603	0.002603	0.002603	0.002603	0.002602	0.002602	0.002601	0.002601	0.0026	0.002599	0.002598	0.002597	0.002596	0.002595	0.002594	0.002593	0.002592	0.00259	0.002589	0.002588	0.002586	0.002585	0.002583	0.002582	0.00258	0.002699	0.003158	0.003649	0.004067	0.004483	0.004896	0.005307	0.005715	0.006117	0.006514	0.006909	0.007301	0.00769	0.00807	0.008448	0.008818	0.009185	0.009549	0.009911	0.010271	0.010628	0.010982	0.011335	0.011685	0.012033
P00830	Oxidative Phosphorylation	0.038673	0.03893	0.039146	0.039733	0.040497	0.041103	0.041597	0.042007	0.042355	0.042654	0.042923	0.043159	0.043368	0.043556	0.043724	0.043877	0.044015	0.044143	0.04426	0.044368	0.044468	0.044561	0.044649	0.04473	0.044807	0.044879	0.044948	0.045012	0.045074	0.045132	0.045188	0.045241	0.045292	0.04534	0.045387	0.045431	0.045474	0.045516	0.045556	0.045594	0.045631	0.045667	0.045702	0.045736	0.045769	0.045801	0.045832	0.045862	0.045891	0.045919	0.045947	0.045974	0.046001	0.046026	0.046052	0.046076	0.046061	0.045299	0.044033	0.042953	0.04188	0.040812	0.039751	0.038696	0.03766	0.03664	0.035626	0.034618	0.033623	0.032653	0.03169	0.030749	0.029821	0.028898	0.027982	0.027071	0.026167	0.025268	0.024375	0.023488	0.022608
P00854	Oxidative Phosphorylation	0.020538	0.020674	0.020789	0.021101	0.021506	0.021828	0.02209	0.022309	0.022493	0.022652	0.022795	0.02292	0.023031	0.023131	0.02322	0.023301	0.023375	0.023442	0.023505	0.023562	0.023615	0.023665	0.023711	0.023755	0.023795	0.023834	0.02387	0.023904	0.023937	0.023968	0.023997	0.024026	0.024053	0.024078	0.024103	0.024127	0.02415	0.024172	0.024193	0.024213	0.024233	0.024252	0.024271	0.024289	0.024306	0.024323	0.024339	0.024355	0.024371	0.024386	0.024401	0.024415	0.024429	0.024443	0.024456	0.024469	0.024461	0.024056	0.023384	0.022811	0.022241	0.021674	0.02111	0.02055	0.02	0.019458	0.01892	0.018384	0.017856	0.017341	0.016829	0.01633	0.015837	0.015347	0.01486	0.014377	0.013896	0.013419	0.012945	0.012474	0.012006
P00856	Oxidative Phosphorylation	0.004109	0.004137	0.00416	0.004222	0.004303	0.004367	0.00442	0.004464	0.004501	0.004532	0.004561	0.004586	0.004608	0.004628	0.004646	0.004662	0.004677	0.00469	0.004703	0.004714	0.004725	0.004735	0.004744	0.004753	0.004761	0.004769	0.004776	0.004783	0.004789	0.004796	0.004802	0.004807	0.004813	0.004818	0.004823	0.004827	0.004832	0.004836	0.004841	0.004845	0.004849	0.004852	0.004856	0.00486	0.004863	0.004867	0.00487	0.004873	0.004876	0.004879	0.004882	0.004885	0.004888	0.004891	0.004893	0.004896	0.004894	0.004813	0.004679	0.004564	0.00445	0.004337	0.004224	0.004112	0.004002	0.003893	0.003785	0.003678	0.003573	0.00347	0.003367	0.003267	0.003169	0.003071	0.002973	0.002877	0.00278	0.002685	0.00259	0.002496	0.002402
P00890	TCA	0.008357	0.007983	0.007679	0.007455	0.007256	0.0071	0.006975	0.006873	0.006788	0.006717	0.006655	0.006603	0.006557	0.006517	0.006483	0.006452	0.006426	0.006402	0.006381	0.006362	0.006346	0.006331	0.006318	0.006306	0.006295	0.006286	0.006277	0.00627	0.006263	0.006257	0.006252	0.006248	0.006244	0.00624	0.006237	0.006235	0.006232	0.006231	0.006229	0.006228	0.006227	0.006227	0.006226	0.006226	0.006226	0.006227	0.006227	0.006228	0.006229	0.00623	0.006231	0.006232	0.006234	0.006235	0.006237	0.006239	0.006113	0.005782	0.005556	0.005361	0.005166	0.004972	0.00478	0.004588	0.004398	0.004211	0.004024	0.003839	0.003655	0.003474	0.003294	0.003117	0.002941	0.002766	0.002593	0.00242	0.002248	0.002077	0.001907	0.001738	0.00157
P00924	Glycolysis // Glycolysis	0	0	0	0	0	0	0	0	0	0	0	0	0	0	0	0	0	0	0	0	0	0	0	0	0	0	0	0	0	0	0	0	0	0	0	0	0	0	0	0	0	0	0	0	0	0	0	0	0	0	0	0	0	0	0	0	0	0	0	0	0	0	0	0	0	0	0	0	0	0	0	0	0	0	0	0	0	0	0	0	0
P00925	Glycolysis // Glycolysis	0	0	0	0	0	0	0	0	0	0	0	0	0	0	0	0	0	0	0	0	0	0	0	0	0	0	0	0	0	0	0	0	0	0	0	0	0	0	0	0	0	0	0	0	0	0	0	0	0	0	0	0	0	0	0	0	0	0	0	0	0	0	0	0	0	0	0	0	0	0	0	0	0	0	0	0	0	0	0	0	0
P00942	Glycolysis // Glycolysis	2.1e-05	1.2e-05	5e-06	2e-06	8e-06	1.3e-05	1.7e-05	2e-05	2.2e-05	2.5e-05	2.7e-05	2.8e-05	3e-05	3.1e-05	3.2e-05	3.3e-05	3.4e-05	3.5e-05	3.6e-05	3.7e-05	3.7e-05	3.8e-05	3.8e-05	3.9e-05	3.9e-05	4e-05	4e-05	4e-05	4.1e-05	4.1e-05	4.1e-05	4.2e-05	4.2e-05	4.2e-05	4.2e-05	4.2e-05	4.3e-05	4.3e-05	4.3e-05	4.3e-05	4.3e-05	4.3e-05	4.4e-05	4.4e-05	4.4e-05	4.4e-05	4.4e-05	4.4e-05	4.4e-05	4.4e-05	4.4e-05	4.4e-05	4.5e-05	4.5e-05	4.5e-05	4.5e-05	4.7e-05	5.7e-05	6.6e-05	7.4e-05	8.1e-05	8.9e-05	9.7e-05	0.000104	0.000112	0.000119	0.000127	0.000134	0.000141	0.000149	0.000156	0.000163	0.00017	0.000176	0.000183	0.00019	0.000197	0.000204	0.00021	0.000217	0.000223
P00950	Glycolysis // Glycolysis	0.001062	0.001159	0.001239	0.001297	0.001332	0.00136	0.001382	0.0014	0.001415	0.001427	0.001437	0.001446	0.001454	0.00146	0.001466	0.001471	0.001475	0.001478	0.001481	0.001484	0.001486	0.001488	0.00149	0.001491	0.001493	0.001494	0.001494	0.001495	0.001496	0.001496	0.001496	0.001497	0.001497	0.001497	0.001497	0.001496	0.001496	0.001496	0.001495	0.001495	0.001495	0.001494	0.001493	0.001493	0.001492	0.001492	0.001491	0.00149	0.001489	0.001489	0.001488	0.001487	0.001486	0.001485	0.001485	0.001484	0.001552	0.001816	0.002098	0.002339	0.002578	0.002815	0.003051	0.003286	0.003517	0.003746	0.003973	0.004198	0.004422	0.00464	0.004857	0.005071	0.005281	0.005491	0.005699	0.005906	0.006111	0.006315	0.006518	0.006719	0.006919
P04037	Oxidative Phosphorylation	0.004813	0.004918	0.005004	0.005092	0.005174	0.005238	0.005291	0.005335	0.005372	0.005404	0.005433	0.005458	0.00548	0.0055	0.005519	0.005535	0.00555	0.005564	0.005576	0.005588	0.005599	0.005609	0.005618	0.005627	0.005636	0.005644	0.005651	0.005658	0.005665	0.005671	0.005677	0.005683	0.005689	0.005694	0.005699	0.005704	0.005709	0.005713	0.005718	0.005722	0.005726	0.00573	0.005734	0.005738	0.005742	0.005745	0.005749	0.005752	0.005755	0.005758	0.005762	0.005765	0.005768	0.00577	0.005773	0.005776	0.005768	0.00566	0.005502	0.005367	0.005233	0.005099	0.004967	0.004835	0.004705	0.004578	0.004451	0.004325	0.004201	0.004079	0.003959	0.003841	0.003725	0.003609	0.003494	0.00338	0.003267	0.003154	0.003042	0.002931	0.002821
P04039	Oxidative Phosphorylation	0.005001	0.00511	0.0052	0.005291	0.005376	0.005443	0.005498	0.005544	0.005582	0.005615	0.005645	0.005671	0.005695	0.005716	0.005734	0.005752	0.005767	0.005781	0.005794	0.005807	0.005818	0.005828	0.005838	0.005847	0.005856	0.005864	0.005872	0.005879	0.005886	0.005893	0.005899	0.005905	0.005911	0.005917	0.005922	0.005927	0.005932	0.005937	0.005942	0.005946	0.00595	0.005954	0.005958	0.005962	0.005966	0.00597	0.005973	0.005977	0.00598	0.005984	0.005987	0.00599	0.005993	0.005996	0.005999	0.006002	0.005994	0.005882	0.005717	0.005577	0.005438	0.005299	0.005161	0.005024	0.00489	0.004757	0.004625	0.004494	0.004365	0.004239	0.004114	0.003991	0.00387	0.00375	0.003631	0.003512	0.003395	0.003278	0.003162	0.003046	0.002931
P04385	Galactose metabolism	0	0	0	0	0	0	0	0	0	0	0	0	0	0	0	0	0	0	0	0	0	0	0	0	0	0	0	0	0	0	0	0	0	0	0	0	0	0	0	0	0	0	0	0	0	0	0	0	0	0	0	0	0	0	0	0	0	0	0	0	0	0	0	0	0	0	0	0	0	0	0	0	0	0	0	0	0	0	0	0	0
P04397	Galactose metabolism // Galactose metabolism	0	0	0	0	0	0	0	0	0	0	0	0	0	0	0	0	0	0	0	0	0	0	0	0	0	0	0	0	0	0	0	0	0	0	0	0	0	0	0	0	0	0	0	0	0	0	0	0	0	0	0	0	0	0	0	0	0	0	0	0	0	0	0	0	0	0	0	0	0	0	0	0	0	0	0	0	0	0	0	0	0
P04806	Glycolysis	0.00565	0.005795	0.00591	0.005885	0.005785	0.005703	0.005635	0.005577	0.005526	0.005481	0.005439	0.0054	0.005365	0.005333	0.005303	0.005275	0.005249	0.005225	0.005201	0.005179	0.005158	0.005138	0.005119	0.0051	0.005082	0.005065	0.005048	0.005031	0.005016	0.005	0.004985	0.004971	0.004956	0.004942	0.004929	0.004915	0.004902	0.004889	0.004877	0.004864	0.004852	0.00484	0.004828	0.004816	0.004805	0.004794	0.004782	0.004771	0.004761	0.00475	0.004739	0.004729	0.004718	0.004708	0.004698	0.004688	0.004804	0.005324	0.005924	0.00644	0.006952	0.007462	0.007969	0.008473	0.008968	0.009457	0.009944	0.010427	0.010905	0.011372	0.011836	0.01229	0.012739	0.013186	0.013629	0.01407	0.014508	0.014943	0.015376	0.015806	0.016233
P04807	Glycolysis	0	0	0	0	0	0	0	0	0	0	0	0	0	0	0	0	0	0	0	0	0	0	0	0	0	0	0	0	0	0	0	0	0	0	0	0	0	0	0	0	0	0	0	0	0	0	0	0	0	0	0	0	0	0	0	0	0	0	0	0	0	0	0	0	0	0	0	0	0	0	0	0	0	0	0	0	0	0	0	0	0
P05626	Oxidative Phosphorylation	0.019003	0.01913	0.019236	0.019524	0.0199	0.020197	0.02044	0.020642	0.020813	0.020959	0.021092	0.021208	0.021311	0.021403	0.021485	0.02156	0.021629	0.021691	0.021749	0.021802	0.021851	0.021897	0.02194	0.02198	0.022018	0.022053	0.022087	0.022118	0.022149	0.022177	0.022205	0.022231	0.022256	0.02228	0.022302	0.022324	0.022345	0.022366	0.022385	0.022404	0.022423	0.02244	0.022458	0.022474	0.02249	0.022506	0.022521	0.022536	0.02255	0.022564	0.022578	0.022591	0.022604	0.022617	0.022629	0.022641	0.022634	0.022259	0.021637	0.021107	0.020579	0.020055	0.019533	0.019015	0.018506	0.018004	0.017506	0.017011	0.016522	0.016045	0.015572	0.01511	0.014654	0.0142	0.01375	0.013303	0.012858	0.012416	0.011978	0.011542	0.011109
P06169	Anaerobic excretion	0.013208	0.00719	0.002285	0.000508	0.000594	0.000663	0.000718	0.000762	0.000799	0.00083	0.000856	0.000879	0.000898	0.000915	0.000929	0.000941	0.000952	0.000962	0.00097	0.000977	0.000984	0.000989	0.000994	0.000998	0.001002	0.001005	0.001008	0.00101	0.001012	0.001014	0.001015	0.001016	0.001017	0.001018	0.001018	0.001019	0.001019	0.001019	0.001018	0.001018	0.001017	0.001017	0.001016	0.001015	0.001014	0.001013	0.001012	0.001011	0.00101	0.001008	0.001007	0.001006	0.001004	0.001003	0.001001	0.001	0.002678	0.008766	0.014961	0.02021	0.025428	0.030613	0.035767	0.040889	0.045934	0.050914	0.055863	0.06078	0.065641	0.070401	0.07513	0.079768	0.084353	0.088907	0.09343	0.097922	0.102384	0.106815	0.111216	0.115585	0.119924
P07143	Oxidative Phosphorylation	0.030139	0.030796	0.031337	0.031888	0.0324	0.032804	0.033133	0.033407	0.03364	0.033839	0.03402	0.034178	0.034319	0.034445	0.034558	0.034661	0.034754	0.03484	0.034919	0.034993	0.035061	0.035124	0.035183	0.035239	0.035291	0.03534	0.035387	0.035431	0.035473	0.035513	0.035552	0.035588	0.035623	0.035657	0.035689	0.03572	0.035749	0.035778	0.035806	0.035833	0.035858	0.035884	0.035908	0.035931	0.035954	0.035977	0.035998	0.036019	0.03604	0.03606	0.036079	0.036099	0.036117	0.036135	0.036153	0.036171	0.036121	0.035444	0.034453	0.033609	0.032768	0.031933	0.031103	0.030277	0.029466	0.028667	0.027873	0.027084	0.026305	0.025545	0.02479	0.024052	0.023324	0.0226	0.021881	0.021167	0.020458	0.019753	0.019052	0.018357	0.017666
P07170	Salvage pathways // Salvage pathways	0	0	0	0	0	0	0	0	0	0	0	0	0	0	0	0	0	0	0	0	0	0	0	0	0	0	0	0	0	0	0	0	0	0	0	0	0	0	0	0	0	0	0	0	0	0	0	0	0	0	0	0	0	0	0	0	0	0	0	0	0	0	0	0	0	0	0	0	0	0	0	0	0	0	0	0	0	0	0	0	0
P07251	Oxidative Phosphorylation	0.041365	0.04164	0.041872	0.042499	0.043316	0.043964	0.044492	0.044932	0.045303	0.045623	0.045911	0.046163	0.046387	0.046588	0.046768	0.046931	0.047079	0.047215	0.047341	0.047456	0.047564	0.047663	0.047757	0.047844	0.047926	0.048004	0.048077	0.048146	0.048211	0.048274	0.048333	0.04839	0.048444	0.048496	0.048546	0.048594	0.04864	0.048684	0.048727	0.048768	0.048808	0.048846	0.048884	0.04892	0.048955	0.048989	0.049022	0.049054	0.049085	0.049116	0.049146	0.049175	0.049203	0.04923	0.049257	0.049284	0.049267	0.048452	0.047098	0.045943	0.044795	0.043653	0.042518	0.04139	0.040282	0.039191	0.038106	0.037028	0.035963	0.034926	0.033896	0.03289	0.031897	0.03091	0.02993	0.028956	0.027988	0.027027	0.026072	0.025124	0.024181
P07255	Oxidative Phosphorylation // Oxidative Phosphorylation	0.001955	0.001998	0.002033	0.002068	0.002102	0.002128	0.002149	0.002167	0.002182	0.002195	0.002207	0.002217	0.002226	0.002234	0.002242	0.002248	0.002254	0.00226	0.002265	0.00227	0.002274	0.002278	0.002282	0.002286	0.002289	0.002292	0.002295	0.002298	0.002301	0.002304	0.002306	0.002308	0.002311	0.002313	0.002315	0.002317	0.002319	0.002321	0.002323	0.002324	0.002326	0.002328	0.002329	0.002331	0.002332	0.002334	0.002335	0.002336	0.002338	0.002339	0.00234	0.002342	0.002343	0.002344	0.002345	0.002346	0.002343	0.002299	0.002235	0.00218	0.002126	0.002071	0.002017	0.001964	0.001911	0.00186	0.001808	0.001757	0.001706	0.001657	0.001608	0.00156	0.001513	0.001466	0.001419	0.001373	0.001327	0.001281	0.001236	0.001191	0.001146
P07256	Oxidative Phosphorylation	0.044453	0.045421	0.046219	0.047032	0.047787	0.048383	0.048868	0.049273	0.049616	0.04991	0.050176	0.05041	0.050617	0.050803	0.05097	0.051122	0.05126	0.051387	0.051503	0.051611	0.051711	0.051805	0.051892	0.051974	0.052052	0.052124	0.052193	0.052258	0.05232	0.05238	0.052436	0.05249	0.052541	0.052591	0.052638	0.052684	0.052728	0.05277	0.052811	0.05285	0.052888	0.052925	0.052961	0.052996	0.05303	0.053063	0.053095	0.053126	0.053156	0.053185	0.053214	0.053242	0.05327	0.053297	0.053323	0.053349	0.053275	0.052277	0.050816	0.04957	0.048331	0.047099	0.045874	0.044657	0.043461	0.042282	0.041111	0.039947	0.038797	0.037676	0.036563	0.035475	0.034401	0.033334	0.032273	0.03122	0.030173	0.029134	0.028101	0.027075	0.026056
P07257	Oxidative Phosphorylation	0.035824	0.036605	0.037247	0.037903	0.038511	0.038991	0.039383	0.039709	0.039985	0.040222	0.040436	0.040625	0.040792	0.040942	0.041076	0.041198	0.04131	0.041412	0.041506	0.041593	0.041674	0.041749	0.04182	0.041886	0.041948	0.042006	0.042062	0.042115	0.042165	0.042212	0.042258	0.042301	0.042342	0.042382	0.04242	0.042457	0.042493	0.042527	0.04256	0.042591	0.042622	0.042652	0.042681	0.042709	0.042736	0.042763	0.042788	0.042813	0.042838	0.042862	0.042885	0.042908	0.04293	0.042951	0.042972	0.042993	0.042934	0.04213	0.040952	0.039948	0.038949	0.037957	0.03697	0.035988	0.035025	0.034075	0.033131	0.032193	0.031266	0.030363	0.029466	0.028589	0.027723	0.026863	0.026009	0.02516	0.024316	0.023478	0.022646	0.021819	0.020998
P08067	Oxidative Phosphorylation	0.020679	0.021129	0.0215	0.021879	0.02223	0.022507	0.022733	0.022921	0.02308	0.023217	0.023341	0.02345	0.023546	0.023633	0.02371	0.023781	0.023845	0.023904	0.023958	0.024009	0.024055	0.024099	0.024139	0.024178	0.024213	0.024247	0.024279	0.02431	0.024339	0.024366	0.024392	0.024417	0.024441	0.024464	0.024486	0.024507	0.024528	0.024548	0.024567	0.024585	0.024603	0.02462	0.024637	0.024653	0.024668	0.024684	0.024699	0.024713	0.024727	0.024741	0.024754	0.024767	0.02478	0.024793	0.024805	0.024817	0.024782	0.024318	0.023639	0.023059	0.022483	0.02191	0.02134	0.020774	0.020217	0.019669	0.019124	0.018582	0.018048	0.017526	0.017008	0.016502	0.016003	0.015506	0.015013	0.014523	0.014036	0.013552	0.013072	0.012595	0.012121
P08417	TCA // TCA	0.001136	0.001082	0.001039	0.001006	0.000978	0.000956	0.000938	0.000923	0.000911	0.000901	0.000892	0.000885	0.000878	0.000873	0.000868	0.000864	0.00086	0.000856	0.000853	0.000851	0.000848	0.000846	0.000844	0.000843	0.000841	0.00084	0.000839	0.000838	0.000837	0.000836	0.000835	0.000835	0.000834	0.000834	0.000833	0.000833	0.000832	0.000832	0.000832	0.000832	0.000832	0.000832	0.000832	0.000832	0.000832	0.000832	0.000832	0.000832	0.000832	0.000832	0.000832	0.000833	0.000833	0.000833	0.000833	0.000834	0.000816	0.000771	0.00074	0.000713	0.000687	0.00066	0.000634	0.000607	0.000581	0.000555	0.00053	0.000504	0.000479	0.000454	0.000429	0.000405	0.000381	0.000357	0.000333	0.000309	0.000286	0.000262	0.000239	0.000215	0.000192
P08431	Galactose metabolism // Galactose metabolism	0	0	0	0	0	0	0	0	0	0	0	0	0	0	0	0	0	0	0	0	0	0	0	0	0	0	0	0	0	0	0	0	0	0	0	0	0	0	0	0	0	0	0	0	0	0	0	0	0	0	0	0	0	0	0	0	0	0	0	0	0	0	0	0	0	0	0	0	0	0	0	0	0	0	0	0	0	0	0	0	0
P08525	Oxidative Phosphorylation	0.009713	0.009924	0.010099	0.010276	0.010441	0.010571	0.010677	0.010766	0.010841	0.010905	0.010963	0.011014	0.01106	0.0111	0.011137	0.01117	0.0112	0.011228	0.011253	0.011277	0.011299	0.011319	0.011338	0.011356	0.011373	0.011389	0.011404	0.011418	0.011432	0.011445	0.011457	0.011469	0.01148	0.011491	0.011501	0.011511	0.011521	0.01153	0.011539	0.011547	0.011556	0.011564	0.011572	0.011579	0.011587	0.011594	0.011601	0.011608	0.011614	0.011621	0.011627	0.011633	0.011639	0.011645	0.011651	0.011656	0.01164	0.011422	0.011103	0.010831	0.01056	0.010291	0.010023	0.009757	0.009496	0.009238	0.008982	0.008728	0.008477	0.008232	0.007989	0.007751	0.007516	0.007283	0.007052	0.006821	0.006593	0.006366	0.00614	0.005916	0.005693
P09201	Glycolysis	0	0	0	0	0	0	0	0	0	0	0	0	0	0	0	0	0	0	0	0	0	0	0	0	0	0	0	0	0	0	0	0	0	0	0	0	0	0	0	0	0	0	0	0	0	0	0	0	0	0	0	0	0	0	0	0	0	0	0	0	0	0	0	0	0	0	0	0	0	0	0	0	0	0	0	0	0	0	0	0	0
P09457	Oxidative Phosphorylation	0.016102	0.016209	0.016299	0.016543	0.016862	0.017114	0.017319	0.01749	0.017635	0.017759	0.017872	0.01797	0.018057	0.018135	0.018205	0.018269	0.018326	0.018379	0.018428	0.018473	0.018515	0.018554	0.01859	0.018624	0.018656	0.018686	0.018715	0.018742	0.018767	0.018791	0.018815	0.018837	0.018858	0.018878	0.018897	0.018916	0.018934	0.018951	0.018968	0.018984	0.018999	0.019014	0.019029	0.019043	0.019057	0.01907	0.019083	0.019095	0.019107	0.019119	0.019131	0.019142	0.019153	0.019164	0.019174	0.019185	0.019178	0.018861	0.018334	0.017884	0.017437	0.016993	0.016551	0.016112	0.015681	0.015256	0.014833	0.014414	0.013999	0.013596	0.013195	0.012803	0.012416	0.012032	0.011651	0.011272	0.010895	0.010521	0.010149	0.00978	0.009413
P09624	Other	0.011455	0.019335	0.025756	0.028075	0.027825	0.027654	0.027515	0.027401	0.027305	0.027224	0.027153	0.027091	0.027037	0.026989	0.026947	0.026909	0.026875	0.026845	0.026817	0.026792	0.026769	0.026749	0.02673	0.026712	0.026696	0.026681	0.026668	0.026655	0.026643	0.026632	0.026622	0.026613	0.026604	0.026596	0.026588	0.026581	0.026574	0.026568	0.026562	0.026557	0.026551	0.026547	0.026542	0.026538	0.026534	0.02653	0.026527	0.026523	0.02652	0.026517	0.026514	0.026512	0.026509	0.026507	0.026505	0.026503	0.025903	0.024854	0.024167	0.023583	0.023002	0.022425	0.021851	0.02128	0.020717	0.020161	0.019608	0.019059	0.018515	0.017982	0.017452	0.01693	0.016415	0.015902	0.015393	0.014888	0.014385	0.013886	0.013391	0.012899	0.01241
P0CX10	Glycolysis // Glycolysis	0	0	0	0	0	0	0	0	0	0	0	0	0	0	0	0	0	0	0	0	0	0	0	0	0	0	0	0	0	0	0	0	0	0	0	0	0	0	0	0	0	0	0	0	0	0	0	0	0	0	0	0	0	0	0	0	0	0	0	0	0	0	0	0	0	0	0	0	0	0	0	0	0	0	0	0	0	0	0	0	0
P0CX11	Glycolysis // Glycolysis	0	0	0	0	0	0	0	0	0	0	0	0	0	0	0	0	0	0	0	0	0	0	0	0	0	0	0	0	0	0	0	0	0	0	0	0	0	0	0	0	0	0	0	0	0	0	0	0	0	0	0	0	0	0	0	0	0	0	0	0	0	0	0	0	0	0	0	0	0	0	0	0	0	0	0	0	0	0	0	0	0
P10174	Oxidative Phosphorylation	0.001946	0.001989	0.002024	0.002059	0.002092	0.002118	0.00214	0.002157	0.002172	0.002185	0.002197	0.002207	0.002216	0.002224	0.002232	0.002238	0.002244	0.00225	0.002255	0.00226	0.002264	0.002268	0.002272	0.002276	0.002279	0.002282	0.002285	0.002288	0.002291	0.002293	0.002296	0.002298	0.0023	0.002303	0.002305	0.002307	0.002309	0.00231	0.002312	0.002314	0.002316	0.002317	0.002319	0.00232	0.002322	0.002323	0.002325	0.002326	0.002327	0.002329	0.00233	0.002331	0.002332	0.002334	0.002335	0.002336	0.002333	0.002289	0.002225	0.00217	0.002116	0.002062	0.002009	0.001955	0.001903	0.001851	0.0018	0.001749	0.001699	0.00165	0.001601	0.001553	0.001506	0.001459	0.001413	0.001367	0.001321	0.001276	0.00123	0.001185	0.001141
P10963	Other	0	0	0	0	0	0	0	0	0	0	0	0	0	0	0	0	0	0	0	0	0	0	0	0	0	0	0	0	0	0	0	0	0	0	0	0	0	0	0	0	0	0	0	0	0	0	0	0	0	0	0	0	0	0	0	0	0	0	0	0	0	0	0	0	0	0	0	0	0	0	0	0	0	0	0	0	0	0	0	0	0
P11154	TCA	0	0.001831	0.003316	0.004414	0.005179	0.005729	0.006169	0.006526	0.006821	0.007067	0.007277	0.007456	0.00761	0.007742	0.007856	0.007955	0.008041	0.008117	0.008183	0.00824	0.00829	0.008334	0.008373	0.008406	0.008435	0.008459	0.008481	0.008499	0.008514	0.008526	0.008536	0.008544	0.00855	0.008554	0.008556	0.008557	0.008557	0.008555	0.008552	0.008548	0.008543	0.008538	0.008531	0.008523	0.008515	0.008506	0.008496	0.008486	0.008476	0.008464	0.008453	0.008441	0.008428	0.008415	0.008402	0.008389	0.008759	0.008916	0.009072	0.009229	0.009385	0.009542	0.009698	0.009854	0.010011	0.010167	0.010324	0.01048	0.010637	0.010793	0.01095	0.011106	0.011262	0.011419	0.011575	0.011732	0.011888	0.012045	0.012201	0.012358	0.012514
P11412	pentose phosphate	0	0.000117	0.000211	0.000258	0.000303	0.000338	0.000366	0.000388	0.000407	0.000423	0.000436	0.000448	0.000458	0.000466	0.000473	0.00048	0.000485	0.00049	0.000494	0.000498	0.000501	0.000504	0.000507	0.000509	0.000511	0.000512	0.000514	0.000515	0.000516	0.000517	0.000517	0.000518	0.000518	0.000519	0.000519	0.000519	0.000519	0.000519	0.000519	0.000519	0.000518	0.000518	0.000518	0.000517	0.000517	0.000516	0.000516	0.000515	0.000514	0.000514	0.000513	0.000512	0.000512	0.000511	0.00051	0.000509	0.000435	0.000322	0.000331	0.00034	0.000349	0.000358	0.000367	0.000377	0.000386	0.000395	0.000404	0.000413	0.000422	0.000431	0.000441	0.00045	0.000459	0.000468	0.000477	0.000486	0.000495	0.000505	0.000514	0.000523	0.000532
P12695	Other	0.000797	0.001346	0.001793	0.001954	0.001937	0.001925	0.001915	0.001908	0.001901	0.001895	0.00189	0.001886	0.001882	0.001879	0.001876	0.001873	0.001871	0.001869	0.001867	0.001865	0.001864	0.001862	0.001861	0.00186	0.001858	0.001857	0.001856	0.001856	0.001855	0.001854	0.001853	0.001853	0.001852	0.001851	0.001851	0.00185	0.00185	0.00185	0.001849	0.001849	0.001848	0.001848	0.001848	0.001847	0.001847	0.001847	0.001847	0.001846	0.001846	0.001846	0.001846	0.001846	0.001845	0.001845	0.001845	0.001845	0.001803	0.00173	0.001682	0.001642	0.001601	0.001561	0.001521	0.001481	0.001442	0.001404	0.001365	0.001327	0.001289	0.001252	0.001215	0.001179	0.001143	0.001107	0.001072	0.001036	0.001001	0.000967	0.000932	0.000898	0.000864
P12709	Glycolysis // Glycolysis	0.002578	0.002464	0.00237	0.002274	0.002157	0.002064	0.001988	0.001925	0.001872	0.001827	0.001786	0.00175	0.001718	0.00169	0.001665	0.001642	0.001621	0.001602	0.001585	0.001569	0.001554	0.001541	0.001528	0.001516	0.001505	0.001494	0.001484	0.001475	0.001466	0.001458	0.00145	0.001442	0.001435	0.001428	0.001421	0.001415	0.001409	0.001403	0.001398	0.001392	0.001387	0.001382	0.001377	0.001373	0.001368	0.001364	0.00136	0.001356	0.001352	0.001348	0.001344	0.001341	0.001337	0.001334	0.00133	0.001327	0.001451	0.001794	0.002054	0.002274	0.002494	0.002712	0.002928	0.003144	0.003355	0.003564	0.003771	0.003977	0.004181	0.004379	0.004576	0.004769	0.004959	0.005148	0.005336	0.005523	0.005708	0.005892	0.006075	0.006256	0.006437
P14540	Glycolysis // Glycolysis	0.03512	0.034027	0.033122	0.031878	0.03044	0.029295	0.028362	0.027586	0.026929	0.026364	0.025855	0.025408	0.025012	0.024657	0.024338	0.024049	0.023786	0.023545	0.023323	0.023118	0.022928	0.02275	0.022585	0.022429	0.022284	0.022146	0.022016	0.021893	0.021776	0.021665	0.021559	0.021458	0.021361	0.021269	0.02118	0.021094	0.021012	0.020933	0.020857	0.020783	0.020712	0.020643	0.020576	0.020512	0.020449	0.020388	0.020329	0.020271	0.020215	0.02016	0.020107	0.020055	0.020005	0.019955	0.019907	0.019859	0.020874	0.024485	0.028053	0.03109	0.034109	0.03711	0.040094	0.043059	0.045975	0.048848	0.051704	0.054543	0.057346	0.060081	0.062799	0.065457	0.068081	0.070689	0.073279	0.075852	0.078409	0.080948	0.08347	0.085976	0.088464
P15019	pentose phosphate // pentose phosphate	0	0.000443	0.000801	0.000978	0.001148	0.00128	0.001386	0.001472	0.001543	0.001603	0.001654	0.001697	0.001734	0.001766	0.001794	0.001818	0.001839	0.001857	0.001873	0.001887	0.0019	0.00191	0.00192	0.001928	0.001935	0.001941	0.001947	0.001951	0.001955	0.001958	0.001961	0.001963	0.001964	0.001966	0.001966	0.001967	0.001967	0.001967	0.001966	0.001966	0.001965	0.001963	0.001962	0.00196	0.001958	0.001957	0.001954	0.001952	0.00195	0.001947	0.001945	0.001942	0.001939	0.001936	0.001933	0.00193	0.001648	0.001214	0.001249	0.001284	0.001318	0.001353	0.001388	0.001422	0.001457	0.001492	0.001526	0.001561	0.001596	0.00163	0.001665	0.001699	0.001734	0.001769	0.001803	0.001838	0.001873	0.001907	0.001942	0.001977	0.002011
P16387	Other	0.009829	0.01659	0.0221	0.024089	0.023875	0.023728	0.023609	0.023511	0.023429	0.02336	0.023298	0.023245	0.023199	0.023158	0.023121	0.023089	0.02306	0.023034	0.02301	0.022989	0.022969	0.022952	0.022935	0.02292	0.022907	0.022894	0.022882	0.022871	0.022861	0.022852	0.022843	0.022835	0.022827	0.02282	0.022814	0.022808	0.022802	0.022797	0.022792	0.022787	0.022782	0.022778	0.022774	0.022771	0.022767	0.022764	0.022761	0.022758	0.022756	0.022753	0.022751	0.022748	0.022746	0.022744	0.022743	0.022741	0.022226	0.021326	0.020737	0.020235	0.019737	0.019241	0.018749	0.018259	0.017776	0.017299	0.016825	0.016354	0.015887	0.015429	0.014974	0.014527	0.014085	0.013645	0.013208	0.012774	0.012343	0.011915	0.01149	0.011068	0.010648
P16451	Other	0.000698	0.001178	0.00157	0.001711	0.001696	0.001685	0.001677	0.00167	0.001664	0.001659	0.001655	0.001651	0.001648	0.001645	0.001642	0.00164	0.001638	0.001636	0.001634	0.001633	0.001631	0.00163	0.001629	0.001628	0.001627	0.001626	0.001625	0.001624	0.001624	0.001623	0.001622	0.001622	0.001621	0.001621	0.00162	0.00162	0.001619	0.001619	0.001619	0.001618	0.001618	0.001618	0.001618	0.001617	0.001617	0.001617	0.001617	0.001616	0.001616	0.001616	0.001616	0.001616	0.001616	0.001615	0.001615	0.001615	0.001579	0.001515	0.001473	0.001437	0.001402	0.001367	0.001332	0.001297	0.001263	0.001229	0.001195	0.001161	0.001128	0.001096	0.001064	0.001032	0.001	0.000969	0.000938	0.000907	0.000877	0.000846	0.000816	0.000786	0.000756
P16467	Anaerobic excretion	0	0	0	0	0	0	0	0	0	0	0	0	0	0	0	0	0	0	0	0	0	0	0	0	0	0	0	0	0	0	0	0	0	0	0	0	0	0	0	0	0	0	0	0	0	0	0	0	0	0	0	0	0	0	0	0	0	0	0	0	0	0	0	0	0	0	0	0	0	0	0	0	0	0	0	0	0	0	0	0	0
P16861	Glycolysis	0	0	0	0	0	0	0	0	0	0	0	0	0	0	0	0	0	0	0	0	0	0	0	0	0	0	0	0	0	0	0	0	0	0	0	0	0	0	0	0	0	0	0	0	0	0	0	0	0	0	0	0	0	0	0	0	0	0	0	0	0	0	0	0	0	0	0	0	0	0	0	0	0	0	0	0	0	0	0	0	0
P16862	Glycolysis // Glycolysis	0.008442	0.008179	0.007962	0.007663	0.007317	0.007042	0.006818	0.006631	0.006473	0.006338	0.006215	0.006108	0.006012	0.005927	0.00585	0.005781	0.005718	0.00566	0.005606	0.005557	0.005511	0.005469	0.005429	0.005392	0.005357	0.005323	0.005292	0.005263	0.005235	0.005208	0.005182	0.005158	0.005135	0.005113	0.005091	0.005071	0.005051	0.005032	0.005014	0.004996	0.004979	0.004962	0.004946	0.004931	0.004916	0.004901	0.004887	0.004873	0.004859	0.004846	0.004833	0.004821	0.004809	0.004797	0.004785	0.004774	0.005018	0.005886	0.006743	0.007473	0.008199	0.008921	0.009638	0.010351	0.011051	0.011742	0.012429	0.013111	0.013785	0.014442	0.015096	0.015735	0.016365	0.016992	0.017615	0.018233	0.018848	0.019458	0.020065	0.020667	0.021265
P17505	TCA // TCA	0.004144	0.003947	0.003787	0.003669	0.003566	0.003489	0.003428	0.003377	0.003335	0.0033	0.00327	0.003244	0.003222	0.003202	0.003185	0.00317	0.003157	0.003146	0.003135	0.003126	0.003118	0.003111	0.003104	0.003099	0.003093	0.003089	0.003085	0.003081	0.003078	0.003075	0.003073	0.00307	0.003069	0.003067	0.003065	0.003064	0.003063	0.003062	0.003062	0.003061	0.003061	0.003061	0.003061	0.003061	0.003061	0.003061	0.003061	0.003062	0.003062	0.003063	0.003063	0.003064	0.003065	0.003066	0.003067	0.003067	0.002977	0.002812	0.002699	0.002601	0.002503	0.002406	0.00231	0.002214	0.002119	0.002025	0.001932	0.001839	0.001747	0.001656	0.001566	0.001477	0.001389	0.001301	0.001214	0.001127	0.001041	0.000956	0.00087	0.000786	0.000701
P17709	Glycolysis	0	0	0	0	0	0	0	0	0	0	0	0	0	0	0	0	0	0	0	0	0	0	0	0	0	0	0	0	0	0	0	0	0	0	0	0	0	0	0	0	0	0	0	0	0	0	0	0	0	0	0	0	0	0	0	0	0	0	0	0	0	0	0	0	0	0	0	0	0	0	0	0	0	0	0	0	0	0	0	0	0
P19414	TCA // TCA	0.013183	0.012593	0.012114	0.01176	0.011447	0.011201	0.011004	0.010842	0.010709	0.010596	0.010499	0.010416	0.010344	0.010281	0.010227	0.010179	0.010137	0.010099	0.010066	0.010037	0.01001	0.009987	0.009966	0.009947	0.009931	0.009916	0.009903	0.009891	0.009881	0.009871	0.009863	0.009856	0.00985	0.009844	0.009839	0.009835	0.009832	0.009829	0.009827	0.009825	0.009824	0.009823	0.009822	0.009822	0.009822	0.009823	0.009824	0.009825	0.009826	0.009828	0.009829	0.009832	0.009834	0.009836	0.009839	0.009842	0.009643	0.009121	0.008765	0.008457	0.008149	0.007844	0.00754	0.007238	0.006939	0.006643	0.006349	0.006056	0.005766	0.00548	0.005197	0.004917	0.00464	0.004364	0.00409	0.003817	0.003546	0.003277	0.003009	0.002742	0.002477
P19516	Oxidative Phosphorylation	0	0	0	0	0	0	0	0	0	0	0	0	0	0	0	0	0	0	0	0	0	0	0	0	0	0	0	0	0	0	0	0	0	0	0	0	0	0	0	0	0	0	0	0	0	0	0	0	0	0	0	0	0	0	0	0	0	0	0	0	0	0	0	0	0	0	0	0	0	0	0	0	0	0	0	0	0	0	0	0	0
P20967	TCA	0.091079	0.086747	0.083239	0.080645	0.078375	0.076502	0.075001	0.073774	0.072757	0.071902	0.071163	0.07053	0.069983	0.069508	0.069093	0.068729	0.068408	0.068124	0.067873	0.06765	0.067451	0.067274	0.067116	0.066975	0.066849	0.066737	0.066637	0.066548	0.066469	0.066399	0.066337	0.066283	0.066236	0.066194	0.066159	0.066129	0.066104	0.066083	0.066066	0.066053	0.066043	0.066037	0.066034	0.066034	0.066036	0.066041	0.066048	0.066057	0.066068	0.066081	0.066095	0.066111	0.066129	0.066148	0.066169	0.06619	0.065431	0.061803	0.059323	0.057169	0.055026	0.052893	0.050772	0.048662	0.046576	0.044511	0.042457	0.040414	0.038389	0.036396	0.034413	0.032459	0.030523	0.028597	0.026682	0.024778	0.022884	0.021001	0.019128	0.017266	0.015415
P21306	Oxidative Phosphorylation	0.004759	0.00479	0.004817	0.004889	0.004983	0.005058	0.005119	0.005169	0.005212	0.005249	0.005282	0.005311	0.005337	0.00536	0.00538	0.005399	0.005416	0.005432	0.005446	0.00546	0.005472	0.005483	0.005494	0.005504	0.005514	0.005523	0.005531	0.005539	0.005546	0.005554	0.00556	0.005567	0.005573	0.005579	0.005585	0.00559	0.005596	0.005601	0.005606	0.00561	0.005615	0.00562	0.005624	0.005628	0.005632	0.005636	0.00564	0.005643	0.005647	0.005651	0.005654	0.005657	0.005661	0.005664	0.005667	0.00567	0.005668	0.005574	0.005418	0.005286	0.005153	0.005022	0.004892	0.004762	0.004634	0.004509	0.004384	0.00426	0.004137	0.004018	0.0039	0.003784	0.00367	0.003556	0.003443	0.003331	0.00322	0.003109	0.002999	0.00289	0.002782
P21801	TCA // TCA	0.003051	0.002906	0.002788	0.002701	0.002625	0.002566	0.002518	0.002479	0.002446	0.002419	0.002396	0.002375	0.002358	0.002343	0.00233	0.002318	0.002308	0.002299	0.002291	0.002284	0.002277	0.002272	0.002267	0.002262	0.002258	0.002255	0.002252	0.002249	0.002246	0.002244	0.002242	0.00224	0.002239	0.002238	0.002236	0.002236	0.002235	0.002234	0.002234	0.002233	0.002233	0.002233	0.002233	0.002233	0.002233	0.002233	0.002233	0.002233	0.002234	0.002234	0.002235	0.002235	0.002236	0.002236	0.002237	0.002238	0.002192	0.00207	0.001987	0.001915	0.001843	0.001772	0.001701	0.00163	0.00156	0.001491	0.001422	0.001354	0.001286	0.001219	0.001153	0.001087	0.001022	0.000958	0.000894	0.00083	0.000767	0.000703	0.000641	0.000578	0.000516
P21826	Anaplerotic reactions 	0	0	0	0	0	0	0	0	0	0	0	0	0	0	0	0	0	0	0	0	0	0	0	0	0	0	0	0	0	0	0	0	0	0	0	0	0	0	0	0	0	0	0	0	0	0	0	0	0	0	0	0	0	0	0	0	0	0	0	0	0	0	0	0	0	0	0	0	0	0	0	0	0	0	0	0	0	0	0	0	0
P21954	TCA // TCA	0.038087	0.03638	0.034997	0.033975	0.033069	0.03232	0.031719	0.031228	0.030821	0.030478	0.030183	0.029929	0.02971	0.029519	0.029353	0.029207	0.029078	0.028964	0.028863	0.028773	0.028693	0.028622	0.028558	0.028501	0.028451	0.028405	0.028365	0.028329	0.028297	0.028268	0.028243	0.028221	0.028202	0.028185	0.02817	0.028158	0.028147	0.028138	0.028131	0.028126	0.028121	0.028118	0.028117	0.028116	0.028117	0.028118	0.02812	0.028124	0.028128	0.028132	0.028138	0.028144	0.028151	0.028158	0.028166	0.028174	0.027859	0.026351	0.025323	0.024431	0.023543	0.02266	0.021782	0.020909	0.020045	0.019191	0.018341	0.017495	0.016657	0.015833	0.015012	0.014204	0.013403	0.012607	0.011815	0.011027	0.010244	0.009466	0.008692	0.007922	0.007157
P22289	Oxidative Phosphorylation	0.006617	0.006761	0.00688	0.007001	0.007113	0.007202	0.007274	0.007334	0.007385	0.007429	0.007469	0.007503	0.007534	0.007562	0.007587	0.007609	0.00763	0.007649	0.007666	0.007682	0.007697	0.007711	0.007724	0.007736	0.007748	0.007759	0.007769	0.007779	0.007788	0.007797	0.007805	0.007813	0.007821	0.007828	0.007835	0.007842	0.007848	0.007855	0.007861	0.007867	0.007872	0.007878	0.007883	0.007888	0.007893	0.007898	0.007903	0.007908	0.007912	0.007917	0.007921	0.007925	0.007929	0.007933	0.007937	0.007941	0.00793	0.007781	0.007564	0.007378	0.007194	0.007011	0.006828	0.006647	0.006469	0.006294	0.006119	0.005946	0.005775	0.005608	0.005442	0.00528	0.00512	0.004962	0.004804	0.004647	0.004491	0.004336	0.004183	0.00403	0.003878
P23254	pentose phosphate // pentose phosphate // pentose phosphate // pentose phosphate	0	0.000774	0.001402	0.001683	0.001976	0.002204	0.002386	0.002534	0.002657	0.002759	0.002847	0.002921	0.002985	0.00304	0.003088	0.003129	0.003165	0.003197	0.003224	0.003249	0.00327	0.003288	0.003305	0.003319	0.003331	0.003342	0.003351	0.003359	0.003365	0.003371	0.003375	0.003379	0.003382	0.003384	0.003385	0.003386	0.003386	0.003386	0.003385	0.003384	0.003382	0.00338	0.003377	0.003374	0.003371	0.003368	0.003364	0.00336	0.003356	0.003352	0.003348	0.003343	0.003338	0.003333	0.003328	0.003323	0.002738	0.001836	0.001895	0.001955	0.002015	0.002074	0.002134	0.002194	0.002253	0.002313	0.002373	0.002432	0.002492	0.002552	0.002611	0.002671	0.00273	0.00279	0.00285	0.002909	0.002969	0.003029	0.003088	0.003148	0.003208
P26263	Anaerobic excretion	0	0	0	0	0	0	0	0	0	0	0	0	0	0	0	0	0	0	0	0	0	0	0	0	0	0	0	0	0	0	0	0	0	0	0	0	0	0	0	0	0	0	0	0	0	0	0	0	0	0	0	0	0	0	0	0	0	0	0	0	0	0	0	0	0	0	0	0	0	0	0	0	0	0	0	0	0	0	0	0	0
P28240	Anaplerotic reactions 	0	5e-06	5e-06	2e-06	7e-06	0.000112	0.000196	0.000265	0.000322	0.00037	0.000412	0.000447	0.000478	0.000505	0.000529	0.00055	0.000568	0.000585	0.000599	0.000612	0.000624	0.000634	0.000643	0.000652	0.000659	0.000666	0.000672	0.000678	0.000682	0.000687	0.000691	0.000694	0.000697	0.0007	0.000703	0.000705	0.000707	0.000708	0.00071	0.000711	0.000712	0.000713	0.000713	0.000714	0.000714	0.000714	0.000714	0.000714	0.000714	0.000714	0.000714	0.000713	0.000713	0.000712	0.000711	0.00071	2e-06	2e-06	2e-06	2e-06	2e-06	2e-06	2e-06	2e-06	2e-06	2e-06	2e-06	2e-06	2e-06	2e-06	2e-06	2e-06	2e-06	2e-06	2e-06	2e-06	2e-06	2e-06	2e-06	2e-06	2e-06
P30902	Oxidative Phosphorylation	0.013981	0.014074	0.014153	0.014365	0.014641	0.01486	0.015038	0.015187	0.015313	0.01542	0.015518	0.015603	0.015679	0.015747	0.015807	0.015863	0.015913	0.015959	0.016001	0.01604	0.016076	0.01611	0.016142	0.016171	0.016199	0.016225	0.01625	0.016273	0.016295	0.016317	0.016337	0.016356	0.016374	0.016392	0.016409	0.016425	0.01644	0.016455	0.01647	0.016484	0.016497	0.01651	0.016523	0.016535	0.016547	0.016558	0.016569	0.01658	0.016591	0.016601	0.016611	0.016621	0.01663	0.01664	0.016649	0.016658	0.016652	0.016377	0.015919	0.015529	0.015141	0.014755	0.014371	0.01399	0.013615	0.013246	0.01288	0.012515	0.012156	0.011805	0.011457	0.011117	0.010781	0.010448	0.010116	0.009787	0.00946	0.009135	0.008812	0.008492	0.008173
P30952	Anaplerotic reactions 	0	4e-06	4e-06	2e-06	5e-06	7.8e-05	0.000136	0.000183	0.000223	0.000256	0.000285	0.000309	0.000331	0.00035	0.000366	0.00038	0.000393	0.000404	0.000414	0.000423	0.000431	0.000439	0.000445	0.000451	0.000456	0.000461	0.000465	0.000469	0.000472	0.000475	0.000478	0.00048	0.000482	0.000484	0.000486	0.000488	0.000489	0.00049	0.000491	0.000492	0.000492	0.000493	0.000493	0.000494	0.000494	0.000494	0.000494	0.000494	0.000494	0.000494	0.000494	0.000493	0.000493	0.000492	0.000492	0.000491	2e-06	1e-06	1e-06	1e-06	1e-06	1e-06	1e-06	1e-06	1e-06	1e-06	1e-06	1e-06	1e-06	1e-06	1e-06	1e-06	1e-06	1e-06	1e-06	1e-06	1e-06	1e-06	1e-06	1e-06	1e-06
P32327	TCA	0	0	0	0	0	0	0	0	0	0	0	0	0	0	0	0	0	0	0	0	0	0	0	0	0	0	0	0	0	0	0	0	0	0	0	0	0	0	0	0	0	0	0	0	0	0	0	0	0	0	0	0	0	0	0	0	0	0	0	0	0	0	0	0	0	0	0	0	0	0	0	0	0	0	0	0	0	0	0	0	0
P32340	Oxidative Phosphorylation	0.008613	0.008976	0.009274	0.00955	0.009802	0.010001	0.010163	0.010297	0.01041	0.010506	0.010592	0.010668	0.010734	0.010793	0.010846	0.010894	0.010937	0.010976	0.011012	0.011045	0.011075	0.011104	0.01113	0.011154	0.011177	0.011198	0.011218	0.011236	0.011254	0.011271	0.011286	0.011301	0.011315	0.011329	0.011342	0.011354	0.011366	0.011377	0.011387	0.011398	0.011408	0.011417	0.011426	0.011435	0.011443	0.011451	0.011459	0.011467	0.011474	0.011481	0.011488	0.011494	0.011501	0.011507	0.011513	0.011519	0.011539	0.011389	0.011092	0.010839	0.010588	0.010339	0.010091	0.009844	0.009602	0.009364	0.009128	0.008892	0.008661	0.008435	0.008211	0.007992	0.007777	0.007563	0.00735	0.007139	0.006929	0.006721	0.006514	0.006309	0.006105
P32473	Other	0.008495	0.014339	0.0191	0.02082	0.020635	0.020508	0.020405	0.02032	0.02025	0.020189	0.020136	0.02009	0.02005	0.020015	0.019983	0.019956	0.01993	0.019908	0.019887	0.019869	0.019852	0.019837	0.019823	0.01981	0.019798	0.019787	0.019777	0.019767	0.019759	0.01975	0.019743	0.019736	0.019729	0.019723	0.019718	0.019712	0.019707	0.019703	0.019698	0.019694	0.01969	0.019687	0.019684	0.01968	0.019677	0.019675	0.019672	0.01967	0.019667	0.019665	0.019663	0.019661	0.019659	0.019658	0.019656	0.019655	0.01921	0.018432	0.017922	0.017489	0.017058	0.01663	0.016204	0.015781	0.015364	0.014951	0.014542	0.014134	0.013731	0.013335	0.012942	0.012556	0.012173	0.011793	0.011416	0.011041	0.010668	0.010298	0.009931	0.009566	0.009203
P32799	Oxidative Phosphorylation	0.004217	0.004309	0.004385	0.004462	0.004534	0.00459	0.004636	0.004675	0.004707	0.004735	0.00476	0.004782	0.004802	0.00482	0.004836	0.00485	0.004863	0.004875	0.004886	0.004896	0.004906	0.004915	0.004923	0.004931	0.004938	0.004945	0.004952	0.004958	0.004964	0.004969	0.004975	0.00498	0.004985	0.004989	0.004994	0.004998	0.005002	0.005006	0.00501	0.005014	0.005018	0.005021	0.005024	0.005028	0.005031	0.005034	0.005037	0.00504	0.005043	0.005046	0.005049	0.005051	0.005054	0.005056	0.005059	0.005061	0.005054	0.00496	0.004821	0.004703	0.004585	0.004468	0.004352	0.004237	0.004123	0.004011	0.0039	0.00379	0.003681	0.003574	0.003469	0.003366	0.003264	0.003162	0.003062	0.002962	0.002863	0.002764	0.002666	0.002569	0.002472
P33315	pentose phosphate // pentose phosphate // pentose phosphate // pentose phosphate	0	0	0	0	0	0	0	0	0	0	0	0	0	0	0	0	0	0	0	0	0	0	0	0	0	0	0	0	0	0	0	0	0	0	0	0	0	0	0	0	0	0	0	0	0	0	0	0	0	0	0	0	0	0	0	0	0	0	0	0	0	0	0	0	0	0	0	0	0	0	0	0	0	0	0	0	0	0	0	0	0
P33401	Galactose metabolism // Galactose metabolism	0	0	0	0	0	0	0	0	0	0	0	0	0	0	0	0	0	0	0	0	0	0	0	0	0	0	0	0	0	0	0	0	0	0	0	0	0	0	0	0	0	0	0	0	0	0	0	0	0	0	0	0	0	0	0	0	0	0	0	0	0	0	0	0	0	0	0	0	0	0	0	0	0	0	0	0	0	0	0	0	0
P33421	TCA // TCA	0.002227	0.002121	0.002035	0.001972	0.001916	0.001873	0.001838	0.001809	0.001786	0.001766	0.001749	0.001734	0.001721	0.00171	0.001701	0.001692	0.001685	0.001678	0.001672	0.001667	0.001662	0.001658	0.001655	0.001651	0.001648	0.001646	0.001644	0.001642	0.00164	0.001638	0.001637	0.001635	0.001634	0.001633	0.001633	0.001632	0.001631	0.001631	0.00163	0.00163	0.00163	0.00163	0.00163	0.00163	0.00163	0.00163	0.00163	0.00163	0.001631	0.001631	0.001631	0.001632	0.001632	0.001632	0.001633	0.001633	0.0016	0.001511	0.001451	0.001398	0.001345	0.001293	0.001241	0.00119	0.001139	0.001088	0.001038	0.000988	0.000939	0.00089	0.000841	0.000794	0.000746	0.000699	0.000652	0.000606	0.00056	0.000514	0.000468	0.000422	0.000377
P37012	Galactose metabolism // Galactose metabolism	0	0	0	0	0	0	0	0	0	0	0	0	0	0	0	0	0	0	0	0	0	0	0	0	0	0	0	0	0	0	0	0	0	0	0	0	0	0	0	0	0	0	0	0	0	0	0	0	0	0	0	0	0	0	0	0	0	0	0	0	0	0	0	0	0	0	0	0	0	0	0	0	0	0	0	0	0	0	0	0	0
P37298	TCA // TCA	0.002043	0.001946	0.001868	0.001809	0.001758	0.001718	0.001686	0.00166	0.001639	0.00162	0.001605	0.001591	0.001579	0.001569	0.00156	0.001553	0.001546	0.00154	0.001534	0.00153	0.001525	0.001522	0.001518	0.001515	0.001513	0.00151	0.001508	0.001506	0.001505	0.001503	0.001502	0.001501	0.0015	0.001499	0.001498	0.001497	0.001497	0.001496	0.001496	0.001496	0.001496	0.001495	0.001495	0.001495	0.001495	0.001496	0.001496	0.001496	0.001496	0.001496	0.001497	0.001497	0.001497	0.001498	0.001498	0.001499	0.001468	0.001387	0.001331	0.001283	0.001235	0.001187	0.001139	0.001092	0.001045	0.000999	0.000953	0.000907	0.000861	0.000817	0.000772	0.000728	0.000685	0.000642	0.000599	0.000556	0.000513	0.000471	0.000429	0.000387	0.000346
P37299	Oxidative Phosphorylation	0.007605	0.007771	0.007907	0.008046	0.008175	0.008277	0.00836	0.00843	0.008488	0.008539	0.008584	0.008624	0.00866	0.008691	0.00872	0.008746	0.00877	0.008791	0.008811	0.00883	0.008847	0.008863	0.008878	0.008892	0.008905	0.008917	0.008929	0.00894	0.008951	0.008961	0.008971	0.00898	0.008989	0.008997	0.009005	0.009013	0.009021	0.009028	0.009035	0.009042	0.009048	0.009054	0.009061	0.009067	0.009072	0.009078	0.009083	0.009089	0.009094	0.009099	0.009104	0.009109	0.009113	0.009118	0.009122	0.009127	0.009114	0.008944	0.008694	0.00848	0.008268	0.008058	0.007848	0.00764	0.007435	0.007234	0.007033	0.006834	0.006637	0.006446	0.006255	0.006069	0.005885	0.005703	0.005521	0.005341	0.005162	0.004984	0.004807	0.004632	0.004458
P38077	Oxidative Phosphorylation	0.024244	0.024405	0.024541	0.024909	0.025388	0.025767	0.026077	0.026335	0.026552	0.02674	0.026908	0.027056	0.027188	0.027305	0.027411	0.027506	0.027593	0.027673	0.027746	0.027814	0.027877	0.027936	0.02799	0.028042	0.02809	0.028135	0.028178	0.028218	0.028257	0.028293	0.028328	0.028362	0.028393	0.028424	0.028453	0.028481	0.028508	0.028534	0.028559	0.028583	0.028606	0.028629	0.028651	0.028672	0.028693	0.028713	0.028732	0.028751	0.028769	0.028787	0.028804	0.028821	0.028838	0.028854	0.02887	0.028885	0.028876	0.028398	0.027604	0.026928	0.026254	0.025585	0.02492	0.024259	0.023609	0.02297	0.022334	0.021702	0.021078	0.02047	0.019866	0.019277	0.018695	0.018116	0.017542	0.016971	0.016404	0.015841	0.015281	0.014725	0.014173
P38113	Anaerobic excretion // Anaerobic excretion	0	0	0	0	0	0	0	0	0	0	0	0	0	0	0	0	0	0	0	0	0	0	0	0	0	0	0	0	0	0	0	0	0	0	0	0	0	0	0	0	0	0	0	0	0	0	0	0	0	0	0	0	0	0	0	0	0	0	0	0	0	0	0	0	0	0	0	0	0	0	0	0	0	0	0	0	0	0	0	0	0
P38720	pentose phosphate	0	0.00186	0.003367	0.004102	0.004817	0.005373	0.005817	0.006179	0.006477	0.006726	0.00694	0.007121	0.007277	0.007411	0.007527	0.007629	0.007717	0.007794	0.007861	0.00792	0.007972	0.008017	0.008057	0.008091	0.008121	0.008147	0.008169	0.008188	0.008204	0.008218	0.008229	0.008238	0.008244	0.008249	0.008253	0.008255	0.008255	0.008254	0.008252	0.008249	0.008245	0.008239	0.008233	0.008227	0.008219	0.008211	0.008202	0.008193	0.008183	0.008172	0.008161	0.00815	0.008138	0.008126	0.008113	0.0081	0.006902	0.005062	0.005208	0.005353	0.005498	0.005644	0.005789	0.005935	0.00608	0.006226	0.006371	0.006516	0.006662	0.006807	0.006953	0.007098	0.007243	0.007389	0.007534	0.00768	0.007825	0.007971	0.008116	0.008261	0.008407
P38824	Oxidative Phosphorylation	0	0	0	0	0	0	0	0	0	0	0	0	0	0	0	0	0	0	0	0	0	0	0	0	0	0	0	0	0	0	0	0	0	0	0	0	0	0	0	0	0	0	0	0	0	0	0	0	0	0	0	0	0	0	0	0	0	0	0	0	0	0	0	0	0	0	0	0	0	0	0	0	0	0	0	0	0	0	0	0	0
P38858	pentose phosphate	0	0.003569	0.006461	0.007884	0.009257	0.010326	0.01118	0.011875	0.012448	0.012927	0.013337	0.013686	0.013985	0.014243	0.014466	0.014661	0.01483	0.014978	0.015108	0.015221	0.01532	0.015407	0.015483	0.015549	0.015607	0.015657	0.0157	0.015736	0.015767	0.015793	0.015814	0.015831	0.015844	0.015854	0.01586	0.015864	0.015865	0.015863	0.015859	0.015853	0.015845	0.015835	0.015823	0.01581	0.015796	0.01578	0.015763	0.015745	0.015725	0.015705	0.015684	0.015662	0.015639	0.015616	0.015592	0.015567	0.013305	0.009835	0.010114	0.010394	0.010673	0.010953	0.011232	0.011512	0.011791	0.012071	0.01235	0.01263	0.012909	0.013189	0.013468	0.013747	0.014027	0.014306	0.014586	0.014865	0.015145	0.015424	0.015704	0.015983	0.016263
P40047	Phenylalanine, tyrosine, and tryptophan biosynthesis (aromatic amino acids)	0.016665	0.009072	0.002883	0	0	0	0	0	0	0	0	0	0	0	0	0	0	0	0	0	0	0	0	0	0	0	0	0	0	0	0	0	0	0	0	0	0	0	0	0	0	0	0	0	0	0	0	0	0	0	0	0	0	0	0	0	0	0	0	0	0	0	0	0	0	0	0	0	0	0	0	0	0	0	0	0	0	0	0	0	0
P40106	Anaerobic excretion	0.088391	0.079004	0.071322	0.063096	0.055397	0.049302	0.044359	0.040271	0.036833	0.033899	0.031287	0.029009	0.027004	0.025227	0.02364	0.022215	0.020928	0.01976	0.018695	0.01772	0.016825	0.015999	0.015235	0.014527	0.013868	0.013254	0.012679	0.012142	0.011637	0.011162	0.010715	0.010293	0.009894	0.009516	0.009158	0.008818	0.008495	0.008187	0.007894	0.007615	0.007348	0.007092	0.006848	0.006614	0.00639	0.006175	0.005968	0.005769	0.005578	0.005394	0.005217	0.005046	0.004882	0.004723	0.004569	0.004421	0.004307	0.004245	0.004159	0.004084	0.004009	0.003935	0.003861	0.003787	0.003687	0.003566	0.003446	0.003326	0.003192	0.003016	0.00284	0.002629	0.002405	0.002182	0.00196	0.00174	0.00152	0.001302	0.001085	0.000868	0.000654
P40215	Oxidative Phosphorylation	0	0	0	0	0	0	0	0	0	0	0	0	0	0	0	0	0	0	0	0	0	0	0	0	0	0	0	0	0	0	0	0	0	0	0	0	0	0	0	0	0	0	0	0	0	0	0	0	0	0	0	0	0	0	0	0	0	0	0	0	0	0	0	0	0	0	0	0	0	0	0	0	0	0	0	0	0	0	0	0	0
P41277	Anaerobic excretion	0	0	0	0	0	0	0	0	0	0	0	0	0	0	0	0	0	0	0	0	0	0	0	0	0	0	0	0	0	0	0	0	0	0	0	0	0	0	0	0	0	0	0	0	0	0	0	0	0	0	0	0	0	0	0	0	0	0	0	0	0	0	0	0	0	0	0	0	0	0	0	0	0	0	0	0	0	0	0	0	0
P41911	Anaerobic excretion	0	0	0	0	0	0	0	0	0	0	0	0	0	0	0	0	0	0	0	0	0	0	0	0	0	0	0	0	0	0	0	0	0	0	0	0	0	0	0	0	0	0	0	0	0	0	0	0	0	0	0	0	0	0	0	0	0	0	0	0	0	0	0	0	0	0	0	0	0	0	0	0	0	0	0	0	0	0	0	0	0
P42222	Glycolysis // Glycolysis	0.004556	0.004976	0.005316	0.005565	0.005718	0.005837	0.005932	0.006009	0.006072	0.006124	0.006169	0.006207	0.006239	0.006267	0.00629	0.006311	0.006329	0.006344	0.006357	0.006369	0.006378	0.006387	0.006394	0.0064	0.006406	0.00641	0.006414	0.006417	0.006419	0.006421	0.006422	0.006423	0.006423	0.006423	0.006422	0.006422	0.006421	0.006419	0.006418	0.006416	0.006414	0.006412	0.006409	0.006407	0.006404	0.006401	0.006398	0.006395	0.006392	0.006389	0.006385	0.006382	0.006378	0.006375	0.006371	0.006367	0.006661	0.007793	0.009005	0.010036	0.011062	0.012081	0.013095	0.014102	0.015095	0.016075	0.01705	0.018018	0.018975	0.019914	0.020846	0.021761	0.022665	0.023564	0.024457	0.025344	0.026226	0.027101	0.027971	0.028835	0.029693
P43635	TCA	0	0	0	0	0	0	0	0	0	0	0	0	0	0	0	0	0	0	0	0	0	0	0	0	0	0	0	0	0	0	0	0	0	0	0	0	0	0	0	0	0	0	0	0	0	0	0	0	0	0	0	0	0	0	0	0	0	0	0	0	0	0	0	0	0	0	0	0	0	0	0	0	0	0	0	0	0	0	0	0	0
P46367	Phenylalanine, tyrosine, and tryptophan biosynthesis (aromatic amino acids)	0	0	0	0	0	0	0	0	0	0	0	0	0	0	0	0	0	0	0	0	0	0	0	0	0	0	0	0	0	0	0	0	0	0	0	0	0	0	0	0	0	0	0	0	0	0	0	0	0	0	0	0	0	0	0	0	0	0	0	0	0	0	0	0	0	0	0	0	0	0	0	0	0	0	0	0	0	0	0	0	0
P46969	pentose phosphate // pentose phosphate	0	0.000166	0.0003	0.00036	0.000423	0.000471	0.00051	0.000542	0.000568	0.00059	0.000609	0.000625	0.000638	0.00065	0.00066	0.000669	0.000677	0.000684	0.00069	0.000695	0.000699	0.000703	0.000707	0.00071	0.000712	0.000715	0.000717	0.000718	0.00072	0.000721	0.000722	0.000723	0.000723	0.000724	0.000724	0.000724	0.000724	0.000724	0.000724	0.000724	0.000723	0.000723	0.000722	0.000722	0.000721	0.00072	0.00072	0.000719	0.000718	0.000717	0.000716	0.000715	0.000714	0.000713	0.000712	0.000711	0.000586	0.000393	0.000405	0.000418	0.000431	0.000444	0.000456	0.000469	0.000482	0.000495	0.000507	0.00052	0.000533	0.000546	0.000559	0.000571	0.000584	0.000597	0.00061	0.000622	0.000635	0.000648	0.000661	0.000673	0.000686
P47052	TCA	0	0	0	0	0	0	0	0	0	0	0	0	0	0	0	0	0	0	0	0	0	0	0	0	0	0	0	0	0	0	0	0	0	0	0	0	0	0	0	0	0	0	0	0	0	0	0	0	0	0	0	0	0	0	0	0	0	0	0	0	0	0	0	0	0	0	0	0	0	0	0	0	0	0	0	0	0	0	0	0	0
P47081	Oxidative Phosphorylation	0	0	0	0	0	0	0	0	0	0	0	0	0	0	0	0	0	0	0	0	0	0	0	0	0	0	0	0	0	0	0	0	0	0	0	0	0	0	0	0	0	0	0	0	0	0	0	0	0	0	0	0	0	0	0	0	0	0	0	0	0	0	0	0	0	0	0	0	0	0	0	0	0	0	0	0	0	0	0	0	0
P47771	Phenylalanine, tyrosine, and tryptophan biosynthesis (aromatic amino acids)	0	0	0	0	0	0	0	0	0	0	0	0	0	0	0	0	0	0	0	0	0	0	0	0	0	0	0	0	0	0	0	0	0	0	0	0	0	0	0	0	0	0	0	0	0	0	0	0	0	0	0	0	0	0	0	0	0	0	0	0	0	0	0	0	0	0	0	0	0	0	0	0	0	0	0	0	0	0	0	0	0
P52489	Glycolysis	0	0	0	0	0	0	0	0	0	0	0	0	0	0	0	0	0	0	0	0	0	0	0	0	0	0	0	0	0	0	0	0	0	0	0	0	0	0	0	0	0	0	0	0	0	0	0	0	0	0	0	0	0	0	0	0	0	0	0	0	0	0	0	0	0	0	0	0	0	0	0	0	0	0	0	0	0	0	0	0	0
P52910	Other	0.016086	0.008752	0.002774	0.000618	0.000725	0.000809	0.000876	0.00093	0.000975	0.001012	0.001044	0.001072	0.001095	0.001115	0.001133	0.001148	0.001161	0.001173	0.001183	0.001192	0.0012	0.001207	0.001213	0.001218	0.001222	0.001226	0.001229	0.001232	0.001235	0.001237	0.001238	0.00124	0.001241	0.001242	0.001242	0.001242	0.001242	0.001242	0.001242	0.001241	0.001241	0.00124	0.001239	0.001238	0.001237	0.001236	0.001234	0.001233	0.001232	0.00123	0.001228	0.001227	0.001225	0.001223	0.001221	0.001219	0.001226	0.001247	0.001269	0.001291	0.001313	0.001335	0.001357	0.001379	0.001401	0.001422	0.001444	0.001466	0.001488	0.00151	0.001532	0.001554	0.001576	0.001598	0.001619	0.001641	0.001663	0.001685	0.001707	0.001729	0.001751
P53239	Oxidative Phosphorylation	0	0	0	0	0	0	0	0	0	0	0	0	0	0	0	0	0	0	0	0	0	0	0	0	0	0	0	0	0	0	0	0	0	0	0	0	0	0	0	0	0	0	0	0	0	0	0	0	0	0	0	0	0	0	0	0	0	0	0	0	0	0	0	0	0	0	0	0	0	0	0	0	0	0	0	0	0	0	0	0	0
P53312	TCA	0.005164	0.004918	0.004719	0.004572	0.004444	0.004337	0.004252	0.004183	0.004125	0.004077	0.004035	0.003999	0.003968	0.003941	0.003917	0.003897	0.003878	0.003862	0.003848	0.003835	0.003824	0.003814	0.003805	0.003797	0.00379	0.003784	0.003778	0.003773	0.003768	0.003765	0.003761	0.003758	0.003755	0.003753	0.003751	0.003749	0.003748	0.003747	0.003746	0.003745	0.003744	0.003744	0.003744	0.003744	0.003744	0.003744	0.003745	0.003745	0.003746	0.003746	0.003747	0.003748	0.003749	0.00375	0.003751	0.003753	0.00371	0.003504	0.003363	0.003241	0.00312	0.002999	0.002879	0.002759	0.002641	0.002524	0.002407	0.002291	0.002176	0.002063	0.001951	0.00184	0.001731	0.001621	0.001513	0.001405	0.001297	0.001191	0.001084	0.000979	0.000874
P53315	pentose phosphate	0	0	0	0	0	0	0	0	0	0	0	0	0	0	0	0	0	0	0	0	0	0	0	0	0	0	0	0	0	0	0	0	0	0	0	0	0	0	0	0	0	0	0	0	0	0	0	0	0	0	0	0	0	0	0	0	0	0	0	0	0	0	0	0	0	0	0	0	0	0	0	0	0	0	0	0	0	0	0	0	0
P53319	pentose phosphate	0	0	0	0	0	0	0	0	0	0	0	0	0	0	0	0	0	0	0	0	0	0	0	0	0	0	0	0	0	0	0	0	0	0	0	0	0	0	0	0	0	0	0	0	0	0	0	0	0	0	0	0	0	0	0	0	0	0	0	0	0	0	0	0	0	0	0	0	0	0	0	0	0	0	0	0	0	0	0	0	0
P53598	TCA	0.003857	0.003674	0.003525	0.003415	0.003319	0.00324	0.003176	0.003124	0.003081	0.003045	0.003014	0.002987	0.002964	0.002944	0.002926	0.002911	0.002897	0.002885	0.002874	0.002865	0.002856	0.002849	0.002842	0.002836	0.002831	0.002826	0.002822	0.002818	0.002815	0.002812	0.002809	0.002807	0.002805	0.002803	0.002802	0.0028	0.002799	0.002799	0.002798	0.002797	0.002797	0.002797	0.002796	0.002796	0.002797	0.002797	0.002797	0.002797	0.002798	0.002798	0.002799	0.0028	0.0028	0.002801	0.002802	0.002803	0.002771	0.002617	0.002512	0.002421	0.00233	0.00224	0.00215	0.002061	0.001972	0.001885	0.001798	0.001711	0.001626	0.001541	0.001457	0.001375	0.001293	0.001211	0.00113	0.001049	0.000969	0.000889	0.00081	0.000731	0.000653
P54115	Anaerobic excretion	0	0	0	0.001267	0.001482	0.001653	0.00179	0.001901	0.001993	0.00207	0.002135	0.002191	0.002239	0.00228	0.002316	0.002347	0.002374	0.002398	0.002419	0.002437	0.002453	0.002467	0.002479	0.00249	0.002499	0.002507	0.002514	0.00252	0.002525	0.002529	0.002532	0.002535	0.002537	0.002538	0.002539	0.00254	0.00254	0.00254	0.002539	0.002538	0.002537	0.002535	0.002533	0.002531	0.002529	0.002527	0.002524	0.002521	0.002518	0.002515	0.002511	0.002508	0.002504	0.0025	0.002496	0.002492	0.006679	0.013398	0.013443	0.013488	0.013533	0.013577	0.013622	0.013667	0.013712	0.013756	0.013801	0.013846	0.013891	0.013936	0.01398	0.014025	0.01407	0.014115	0.014159	0.014204	0.014249	0.014294	0.014338	0.014383	0.014428
P61829	Oxidative Phosphorylation	0.005477	0.005513	0.005544	0.005627	0.005735	0.005821	0.005891	0.005949	0.005998	0.00604	0.006078	0.006112	0.006141	0.006168	0.006192	0.006213	0.006233	0.006251	0.006268	0.006283	0.006297	0.00631	0.006323	0.006334	0.006345	0.006355	0.006365	0.006374	0.006383	0.006391	0.006399	0.006407	0.006414	0.006421	0.006427	0.006434	0.00644	0.006446	0.006451	0.006457	0.006462	0.006467	0.006472	0.006477	0.006481	0.006486	0.00649	0.006495	0.006499	0.006503	0.006507	0.006511	0.006514	0.006518	0.006521	0.006525	0.006523	0.006415	0.006236	0.006083	0.005931	0.00578	0.005629	0.00548	0.005333	0.005189	0.005045	0.004902	0.004761	0.004624	0.004488	0.004354	0.004223	0.004092	0.003963	0.003834	0.003706	0.003578	0.003452	0.003326	0.003202
P81449	Oxidative Phosphorylation	0.007676	0.007727	0.00777	0.007886	0.008038	0.008158	0.008256	0.008338	0.008407	0.008466	0.008519	0.008566	0.008608	0.008645	0.008678	0.008709	0.008736	0.008761	0.008785	0.008806	0.008826	0.008844	0.008862	0.008878	0.008893	0.008908	0.008921	0.008934	0.008946	0.008958	0.008969	0.008979	0.008989	0.008999	0.009008	0.009017	0.009026	0.009034	0.009042	0.009049	0.009057	0.009064	0.009071	0.009078	0.009084	0.00909	0.009097	0.009103	0.009108	0.009114	0.00912	0.009125	0.00913	0.009135	0.00914	0.009145	0.009142	0.008991	0.00874	0.008525	0.008312	0.0081	0.00789	0.00768	0.007475	0.007272	0.007071	0.006871	0.006673	0.006481	0.00629	0.006103	0.005919	0.005736	0.005554	0.005373	0.005194	0.005015	0.004838	0.004662	0.004487
P81450	Oxidative Phosphorylation	0.00472	0.004751	0.004778	0.00485	0.004943	0.005017	0.005077	0.005127	0.00517	0.005206	0.005239	0.005268	0.005293	0.005316	0.005337	0.005355	0.005372	0.005388	0.005402	0.005415	0.005427	0.005439	0.005449	0.005459	0.005469	0.005478	0.005486	0.005494	0.005501	0.005508	0.005515	0.005522	0.005528	0.005534	0.00554	0.005545	0.00555	0.005555	0.00556	0.005565	0.005569	0.005574	0.005578	0.005582	0.005586	0.00559	0.005594	0.005598	0.005601	0.005605	0.005608	0.005611	0.005614	0.005618	0.005621	0.005624	0.005622	0.005529	0.005374	0.005243	0.005112	0.004981	0.004852	0.004723	0.004597	0.004472	0.004348	0.004225	0.004104	0.003985	0.003868	0.003753	0.00364	0.003527	0.003415	0.003304	0.003194	0.003084	0.002975	0.002867	0.002759
P81451	Oxidative Phosphorylation	0.005317	0.005353	0.005382	0.005463	0.005568	0.005651	0.005719	0.005776	0.005823	0.005865	0.005902	0.005934	0.005963	0.005989	0.006012	0.006033	0.006052	0.006069	0.006085	0.0061	0.006114	0.006127	0.006139	0.00615	0.006161	0.006171	0.00618	0.006189	0.006197	0.006205	0.006213	0.00622	0.006227	0.006234	0.00624	0.006246	0.006252	0.006258	0.006264	0.006269	0.006274	0.006279	0.006284	0.006288	0.006293	0.006297	0.006301	0.006306	0.00631	0.006314	0.006317	0.006321	0.006325	0.006328	0.006332	0.006335	0.006333	0.006228	0.006054	0.005906	0.005758	0.005611	0.005465	0.00532	0.005178	0.005038	0.004898	0.00476	0.004623	0.00449	0.004357	0.004228	0.0041	0.003973	0.003847	0.003722	0.003598	0.003474	0.003351	0.003229	0.003108
Q00055	Anaerobic excretion	0.013455	0.012026	0.010857	0.009604	0.008432	0.007505	0.006752	0.00613	0.005607	0.00516	0.004762	0.004416	0.004111	0.00384	0.003599	0.003382	0.003186	0.003008	0.002846	0.002697	0.002561	0.002435	0.002319	0.002211	0.002111	0.002017	0.00193	0.001848	0.001771	0.001699	0.001631	0.001567	0.001506	0.001449	0.001394	0.001342	0.001293	0.001246	0.001202	0.001159	0.001118	0.00108	0.001042	0.001007	0.000973	0.00094	0.000908	0.000878	0.000849	0.000821	0.000794	0.000768	0.000743	0.000719	0.000696	0.000673	0.000656	0.000646	0.000633	0.000622	0.00061	0.000599	0.000588	0.000577	0.000561	0.000543	0.000524	0.000506	0.000486	0.000459	0.000432	0.0004	0.000366	0.000332	0.000298	0.000265	0.000231	0.000198	0.000165	0.000132	9.9e-05
Q00711	TCA	0.007087	0.00675	0.006477	0.006275	0.006099	0.00596	0.005849	0.005758	0.005683	0.00562	0.005565	0.005518	0.005478	0.005443	0.005412	0.005385	0.005361	0.00534	0.005322	0.005305	0.005291	0.005278	0.005266	0.005255	0.005246	0.005238	0.005231	0.005224	0.005218	0.005213	0.005209	0.005205	0.005201	0.005198	0.005195	0.005193	0.005191	0.00519	0.005189	0.005188	0.005187	0.005187	0.005186	0.005186	0.005187	0.005187	0.005188	0.005188	0.005189	0.00519	0.005191	0.005192	0.005194	0.005195	0.005197	0.005198	0.005091	0.004809	0.004616	0.004448	0.004282	0.004116	0.003951	0.003787	0.003624	0.003464	0.003304	0.003145	0.002987	0.002832	0.002678	0.002526	0.002375	0.002225	0.002076	0.001928	0.001781	0.001634	0.001489	0.001344	0.0012
Q01519	Oxidative Phosphorylation	0.002748	0.002808	0.002857	0.002907	0.002954	0.002991	0.003021	0.003046	0.003067	0.003085	0.003102	0.003116	0.003129	0.003141	0.003151	0.00316	0.003169	0.003177	0.003184	0.003191	0.003197	0.003203	0.003208	0.003213	0.003218	0.003222	0.003227	0.003231	0.003234	0.003238	0.003242	0.003245	0.003248	0.003251	0.003254	0.003257	0.00326	0.003262	0.003265	0.003267	0.003269	0.003272	0.003274	0.003276	0.003278	0.00328	0.003282	0.003284	0.003286	0.003288	0.00329	0.003291	0.003293	0.003295	0.003296	0.003298	0.003293	0.003232	0.003141	0.003064	0.002988	0.002912	0.002836	0.002761	0.002687	0.002614	0.002541	0.002469	0.002398	0.002329	0.00226	0.002193	0.002127	0.002061	0.001995	0.00193	0.001865	0.001801	0.001737	0.001674	0.001611
Q01574	Other	0	0	0	0	0	0	0	0	0	0	0	0	0	0	0	0	0	0	0	0	0	0	0	0	0	0	0	0	0	0	0	0	0	0	0	0	0	0	0	0	0	0	0	0	0	0	0	0	0	0	0	0	0	0	0	0	0	0	0	0	0	0	0	0	0	0	0	0	0	0	0	0	0	0	0	0	0	0	0	0	0
Q04458	Phenylalanine, tyrosine, and tryptophan biosynthesis (aromatic amino acids)	0	0	0	0	0	0	0	0	0	0	0	0	0	0	0	0	0	0	0	0	0	0	0	0	0	0	0	0	0	0	0	0	0	0	0	0	0	0	0	0	0	0	0	0	0	0	0	0	0	0	0	0	0	0	0	0	0	0	0	0	0	0	0	0	0	0	0	0	0	0	0	0	0	0	0	0	0	0	0	0	0
Q04935	Oxidative Phosphorylation	0	0	0	0	0	0	0	0	0	0	0	0	0	0	0	0	0	0	0	0	0	0	0	0	0	0	0	0	0	0	0	0	0	0	0	0	0	0	0	0	0	0	0	0	0	0	0	0	0	0	0	0	0	0	0	0	0	0	0	0	0	0	0	0	0	0	0	0	0	0	0	0	0	0	0	0	0	0	0	0	0
Q06204	Glycolysis	0	0	0	0	0	0	0	0	0	0	0	0	0	0	0	0	0	0	0	0	0	0	0	0	0	0	0	0	0	0	0	0	0	0	0	0	0	0	0	0	0	0	0	0	0	0	0	0	0	0	0	0	0	0	0	0	0	0	0	0	0	0	0	0	0	0	0	0	0	0	0	0	0	0	0	0	0	0	0	0	0
Q06405	Oxidative Phosphorylation	0.007984	0.008037	0.008082	0.008203	0.00836	0.008486	0.008588	0.008672	0.008744	0.008806	0.008861	0.00891	0.008953	0.008992	0.009027	0.009058	0.009087	0.009113	0.009137	0.00916	0.00918	0.0092	0.009218	0.009234	0.00925	0.009265	0.009279	0.009293	0.009305	0.009317	0.009329	0.00934	0.00935	0.00936	0.00937	0.009379	0.009388	0.009397	0.009405	0.009413	0.009421	0.009428	0.009435	0.009442	0.009449	0.009455	0.009462	0.009468	0.009474	0.00948	0.009486	0.009491	0.009497	0.009502	0.009507	0.009512	0.009509	0.009352	0.009091	0.008868	0.008646	0.008426	0.008207	0.007989	0.007775	0.007564	0.007355	0.007147	0.006941	0.006741	0.006542	0.006348	0.006156	0.005966	0.005777	0.005589	0.005402	0.005217	0.005032	0.004849	0.004667
Q07500	Oxidative Phosphorylation	0	0	0	0	0	0	0	0	0	0	0	0	0	0	0	0	0	0	0	0	0	0	0	0	0	0	0	0	0	0	0	0	0	0	0	0	0	0	0	0	0	0	0	0	0	0	0	0	0	0	0	0	0	0	0	0	0	0	0	0	0	0	0	0	0	0	0	0	0	0	0	0	0	0	0	0	0	0	0	0	0
Q12055	Salvage pathways // Salvage pathways	0.006043	0.003288	0.001042	0.000232	0.000272	0.000304	0.000329	0.000349	0.000366	0.00038	0.000392	0.000403	0.000411	0.000419	0.000426	0.000431	0.000436	0.000441	0.000444	0.000448	0.000451	0.000453	0.000455	0.000457	0.000459	0.000461	0.000462	0.000463	0.000464	0.000465	0.000465	0.000466	0.000466	0.000466	0.000467	0.000467	0.000467	0.000467	0.000467	0.000466	0.000466	0.000466	0.000466	0.000465	0.000465	0.000464	0.000464	0.000463	0.000463	0.000462	0.000461	0.000461	0.00046	0.000459	0.000459	0.000458	0.00046	0.000469	0.000477	0.000485	0.000493	0.000501	0.00051	0.000518	0.000526	0.000534	0.000543	0.000551	0.000559	0.000567	0.000575	0.000584	0.000592	0.0006	0.000608	0.000617	0.000625	0.000633	0.000641	0.000649	0.000658
Q12165	Oxidative Phosphorylation	0.012013	0.012093	0.01216	0.012342	0.012579	0.012768	0.012921	0.013049	0.013157	0.013249	0.013333	0.013406	0.013471	0.013529	0.013582	0.013629	0.013672	0.013712	0.013748	0.013782	0.013813	0.013842	0.013869	0.013894	0.013918	0.013941	0.013962	0.013982	0.014001	0.014019	0.014036	0.014053	0.014069	0.014084	0.014098	0.014112	0.014125	0.014138	0.014151	0.014163	0.014174	0.014185	0.014196	0.014207	0.014217	0.014227	0.014236	0.014246	0.014255	0.014264	0.014272	0.014281	0.014289	0.014297	0.014305	0.014312	0.014308	0.014071	0.013678	0.013342	0.013009	0.012677	0.012348	0.01202	0.011698	0.011381	0.011066	0.010753	0.010444	0.010143	0.009844	0.009551	0.009263	0.008977	0.008692	0.008409	0.008128	0.007849	0.007572	0.007296	0.007022
Q12189	pentose phosphate // pentose phosphate	0	0.00159	0.002879	0.003579	0.004202	0.004687	0.005075	0.00539	0.00565	0.005868	0.006054	0.006212	0.006348	0.006465	0.006566	0.006655	0.006731	0.006799	0.006857	0.006909	0.006954	0.006993	0.007028	0.007058	0.007084	0.007107	0.007126	0.007143	0.007157	0.007168	0.007178	0.007186	0.007192	0.007196	0.007199	0.007201	0.007201	0.0072	0.007198	0.007196	0.007192	0.007187	0.007182	0.007176	0.00717	0.007163	0.007155	0.007147	0.007138	0.007129	0.007119	0.007109	0.007099	0.007088	0.007077	0.007066	0.006275	0.005078	0.005205	0.005332	0.005459	0.005585	0.005712	0.005839	0.005966	0.006093	0.00622	0.006347	0.006473	0.0066	0.006727	0.006854	0.006981	0.007108	0.007235	0.007361	0.007488	0.007615	0.007742	0.007869	0.007996
Q12233	Oxidative Phosphorylation	0.00912	0.00918	0.009231	0.009369	0.00955	0.009693	0.009809	0.009906	0.009988	0.010058	0.010122	0.010177	0.010227	0.010271	0.010311	0.010347	0.010379	0.010409	0.010437	0.010462	0.010486	0.010508	0.010529	0.010548	0.010566	0.010583	0.010599	0.010614	0.010629	0.010643	0.010656	0.010668	0.01068	0.010692	0.010703	0.010713	0.010723	0.010733	0.010743	0.010752	0.01076	0.010769	0.010777	0.010785	0.010793	0.0108	0.010808	0.010815	0.010822	0.010828	0.010835	0.010841	0.010847	0.010854	0.010859	0.010865	0.010862	0.010682	0.010383	0.010129	0.009876	0.009624	0.009374	0.009125	0.008881	0.00864	0.008401	0.008163	0.007929	0.0077	0.007473	0.007251	0.007032	0.006815	0.006598	0.006384	0.00617	0.005958	0.005748	0.005539	0.005331
Q12349	Oxidative Phosphorylation	0.009971	0.010037	0.010093	0.010245	0.010441	0.010598	0.010725	0.010831	0.010921	0.010998	0.011067	0.011128	0.011182	0.01123	0.011274	0.011313	0.011349	0.011381	0.011412	0.01144	0.011465	0.011489	0.011512	0.011533	0.011553	0.011571	0.011589	0.011606	0.011622	0.011637	0.011651	0.011665	0.011678	0.01169	0.011702	0.011714	0.011725	0.011736	0.011746	0.011756	0.011765	0.011775	0.011784	0.011792	0.011801	0.011809	0.011817	0.011825	0.011832	0.01184	0.011847	0.011854	0.011861	0.011867	0.011874	0.01188	0.011876	0.01168	0.011353	0.011075	0.010798	0.010523	0.010249	0.009977	0.00971	0.009447	0.009186	0.008926	0.008669	0.008419	0.008171	0.007928	0.007689	0.007451	0.007215	0.00698	0.006747	0.006515	0.006285	0.006056	0.005829
Q3E731	Oxidative Phosphorylation	0	0	0	0	0	0	0	0	0	0	0	0	0	0	0	0	0	0	0	0	0	0	0	0	0	0	0	0	0	0	0	0	0	0	0	0	0	0	0	0	0	0	0	0	0	0	0	0	0	0	0	0	0	0	0	0	0	0	0	0	0	0	0	0	0	0	0	0	0	0	0	0	0	0	0	0	0	0	0	0	0
