enzymes	ranges	minU	maxU	pU
P00127	1.10477745235513e-08	3.94582680607647e-05	3.94693158352882e-05	3.94692771900842e-05
P00128	1.10477745235513e-08	3.94582680607647e-05	3.94693158352882e-05	3.94692771900842e-05
P00163	1.10477745235513e-08	3.94582680607647e-05	3.94693158352882e-05	3.94692771900842e-05
P00330	3.28155158455764e-05	0	3.28155158455764e-05	0
P00358	8.05209256046407e-05	0	8.05209256046407e-05	0
P00359	8.07464075329248e-05	0	8.07464075329248e-05	4.69188829387164e-05
P00360	8.07389539349865e-05	0	8.07389539349865e-05	0
P00401	3.50470136293335e-09	1.25174029897163e-05	1.25209076910792e-05	1.25208954316057e-05
P00410	3.50470136293335e-09	1.25174029897163e-05	1.25209076910792e-05	1.25208954316057e-05
P00420	3.50470136293335e-09	1.25174029897163e-05	1.25209076910792e-05	1.25208954316057e-05
P00425	1.58026475459897e-07	1.23628812156193e-05	1.25209076910792e-05	1.25208954316057e-05
P00427	1.58026475459897e-07	1.23628812156193e-05	1.25209076910792e-05	1.25208954316057e-05
P00549	4.57869272329162e-06	0	4.57869272329162e-06	4.5733924597739e-06
P00560	2.70302683584481e-05	2.12860771170185e-06	2.915887607015e-05	2.13013569623168e-06
P00830	1.36648695551309e-08	3.12940959088058e-05	3.13077607783609e-05	3.12941018129342e-05
P00854	1.36647820999684e-08	3.1293895626592e-05	3.13075604086919e-05	3.12939015306826e-05
P00856	1.36647820999684e-08	3.1293895626592e-05	3.13075604086919e-05	3.12939015306826e-05
P00890	4.25962578914115e-06	0	4.25962578914115e-06	4.25865243942557e-06
P00924	3.08524197987674e-05	0	3.08524197987674e-05	0
P00925	3.0787905117933e-05	0	3.0787905117933e-05	0
P00942	4.51280881524424e-05	6.53572034090902e-08	4.51934453558515e-05	6.54518723034236e-08
P00950	4.38001759272855e-05	1.98337458137219e-06	4.57835505086577e-05	1.98479831279088e-06
P04037	1.58026475459897e-07	1.23628812156193e-05	1.25209076910792e-05	1.25208954316057e-05
P04039	3.16052950919794e-07	2.47257624312386e-05	2.50418153821584e-05	2.50417908632113e-05
P04385	0	0	0	0
P04397	1.54641789127439e-05	0	1.54641789127439e-05	0
P04806	3.11859778358946e-06	0	3.11859778358946e-06	3.11859778358946e-06
P04807	6.74424461486593e-06	0	6.74424461486593e-06	0
P05626	1.36647820999684e-08	3.1293895626592e-05	3.13075604086919e-05	3.12939015306826e-05
P06169	6.22992833440501e-07	0	6.22992833440501e-07	6.0978590714697e-07
P07143	1.10477745235513e-08	3.94582680607647e-05	3.94693158352882e-05	3.94692771900842e-05
P07170	5.05632054295019e-05	0	5.05632054295019e-05	0
P07251	1.36648695551309e-08	3.12940959088058e-05	3.13077607783609e-05	3.12941018129342e-05
P07255	3.50470136293335e-09	1.25174029897163e-05	1.25209076910792e-05	1.25208954316057e-05
P07256	1.10477745235513e-08	3.94582680607647e-05	3.94693158352882e-05	3.94692771900842e-05
P07257	1.10477745235513e-08	3.94582680607647e-05	3.94693158352882e-05	3.94692771900842e-05
P08067	1.10477745235513e-08	3.94582680607647e-05	3.94693158352882e-05	3.94692771900842e-05
P08417	2.27511552576615e-05	5.70188924202204e-07	2.33213441818637e-05	5.70980234882447e-07
P08431	2.85293773163164e-05	0	2.85293773163164e-05	0
P08525	1.10477745235513e-08	3.94582680607647e-05	3.94693158352882e-05	3.94692771900842e-05
P09201	1.76447383065123e-08	0	1.76447383065123e-08	0
P09457	1.36647820999684e-08	3.1293895626592e-05	3.13075604086919e-05	3.12939015306826e-05
P09624	1.18111717643645e-07	1.79822756898616e-05	1.81003874075052e-05	1.79826675822311e-05
P0CX10	3.05189742099384e-05	0	3.05189742099384e-05	0
P0CX11	3.05189742099384e-05	0	3.05189742099384e-05	0
P10174	1.58026475459897e-07	1.23628812156193e-05	1.25209076910792e-05	1.25208954316057e-05
P10963	1.98361009671598e-08	0	1.98361009671598e-08	0
P11154	2.415292746976e-06	0	2.415292746976e-06	2.41500594803513e-06
P11412	4.5348018435166e-09	3.31525512613929e-07	3.36060314457446e-07	3.32172501733872e-07
P12695	8.5702410596821e-09	1.30480227142873e-06	1.31337251248841e-06	1.30483070732098e-06
P12709	1.97302242762415e-05	7.46826708659424e-07	2.0477050984901e-05	7.5041825302656e-07
P14540	3.05452424624866e-05	1.74782445659998e-05	4.80234870284864e-05	1.7503477467451e-05
P15019	3.26534864566464e-05	1.95133203073122e-06	3.46048184873776e-05	1.95516550184638e-06
P16387	1.18111717643645e-07	1.79822756898616e-05	1.81003874075052e-05	1.79826675822311e-05
P16451	8.5702410596821e-09	1.30480227142873e-06	1.31337251248841e-06	1.30483070732098e-06
P16467	6.22992833440501e-07	0	6.22992833440501e-07	0
P16861	8.87994826835308e-07	0	8.87994826835308e-07	0
P16862	7.12098184586425e-07	8.84802100303727e-07	1.59690028489015e-06	1.59345585156992e-06
P17505	3.39192893816182e-05	3.13460673461258e-06	3.70538961162308e-05	3.13469246106841e-06
P17709	3.11859778358946e-06	0	3.11859778358946e-06	0
P19414	1.41704857948907e-05	4.19350023124062e-06	1.83639860261314e-05	4.19921555960107e-06
P19516	9.0105219752772e-06	0	9.0105219752772e-06	0
P20967	2.06447669537634e-07	2.08403773367548e-05	2.10468250062925e-05	2.10461741589655e-05
P21306	1.36647820999684e-08	3.1293895626592e-05	3.13075604086919e-05	3.12939015306826e-05
P21801	4.36179146768406e-09	2.69104211832778e-06	2.69540390979546e-06	2.69477675833713e-06
P21826	5.61674073679603e-07	0	5.61674073679603e-07	0
P21954	2.04973043326743e-07	2.10766263053315e-05	2.12815993486582e-05	2.12809531502408e-05
P22289	1.10477745235513e-08	3.94582680607647e-05	3.94693158352882e-05	3.94692771900842e-05
P23254	1.80727764287397e-05	0	1.80727764287397e-05	1.68891197455018e-06
P26263	6.22992833440501e-07	0	6.22992833440501e-07	0
P28240	3.72761262652048e-07	4.44219208154708e-07	8.16980470806755e-07	4.45522839703951e-07
P30902	1.36647820999684e-08	3.1293895626592e-05	3.13075604086919e-05	3.12939015306826e-05
P30952	5.61674073679603e-07	0	5.61674073679603e-07	3.06296952296466e-07
P32327	2.415292746976e-06	0	2.415292746976e-06	0
P32340	2.38766808303798e-06	5.11529032762686e-06	7.50295841066484e-06	7.50131189561186e-06
P32473	1.18111717643645e-07	1.79822756898616e-05	1.81003874075052e-05	1.79826675822311e-05
P32799	1.58026475459897e-07	1.23628812156193e-05	1.25209076910792e-05	1.25208954316057e-05
P33315	1.77780134114929e-05	0	1.77780134114929e-05	0
P33401	1.91600066983276e-05	0	1.91600066983276e-05	0
P33421	4.36179146768406e-09	2.69104211832778e-06	2.69540390979546e-06	2.69477675833713e-06
P37012	1.9167113379293e-05	0	1.9167113379293e-05	0
P37298	4.36179146768406e-09	2.69104211832778e-06	2.69540390979546e-06	2.69477675833713e-06
P37299	1.10477745235513e-08	3.94582680607647e-05	3.94693158352882e-05	3.94692771900842e-05
P38077	1.36647820999684e-08	3.1293895626592e-05	3.13075604086919e-05	3.12939015306826e-05
P38113	3.21191549723991e-05	0	3.21191549723991e-05	0
P38720	5.74322626129593e-06	0	5.74322626129593e-06	5.67563813240917e-06
P38824	9.0105219752772e-06	0	9.0105219752772e-06	0
P38858	2.12658966988682e-05	0	2.12658966988682e-05	2.10198759097194e-05
P40047	1.08595702225792e-07	0	1.08595702225792e-07	0
P40106	1.20483858228781e-08	0	1.20483858228781e-08	0
P40215	2.38766808303796e-06	0	2.38766808303796e-06	0
P41277	1.20483858228781e-08	0	1.20483858228781e-08	0
P41911	1.18991137861345e-09	0	1.18991137861345e-09	0
P42222	3.05285855303954e-05	0	3.05285855303954e-05	4.9705040566006e-06
P43635	4.25962578914115e-06	0	4.25962578914115e-06	0
P46367	1.08595702225792e-07	0	1.08595702225792e-07	0
P46969	4.65697339538754e-05	1.0243346528684e-06	4.75940686067438e-05	1.0267394382728e-06
P47052	3.53944830733056e-06	0	3.53944830733056e-06	0
P47081	9.0105219752772e-06	0	9.0105219752772e-06	0
P47771	1.55184638480869e-07	0	1.55184638480869e-07	0
P52489	4.57869272329162e-06	0	4.57869272329162e-06	0
P52910	6.18999289636395e-07	0	6.18999289636395e-07	6.05859991987179e-07
P53239	9.0105219752772e-06	0	9.0105219752772e-06	0
P53312	2.85538927845588e-08	2.88244426005786e-06	2.91099815284241e-06	2.91090813378405e-06
P53315	2.12658966988682e-05	0	2.12658966988682e-05	0
P53319	5.74322626129593e-06	0	5.74322626129593e-06	0
P53598	2.85538927844449e-08	2.88244426005787e-06	2.91099815284231e-06	2.91090813378405e-06
P54115	2.60874782417351e-07	1.49483229364216e-06	1.75570707605951e-06	1.7184875565051e-06
P61829	1.36648695551309e-08	3.12940959088058e-05	3.13077607783609e-05	3.12941018129342e-05
P81449	1.36647820999684e-08	3.1293895626592e-05	3.13075604086919e-05	3.12939015306826e-05
P81450	1.36647820999684e-08	3.1293895626592e-05	3.13075604086919e-05	3.12939015306826e-05
P81451	1.36647820999684e-08	3.1293895626592e-05	3.13075604086919e-05	3.12939015306826e-05
Q00055	1.18991137861345e-09	0	1.18991137861345e-09	0
Q00711	2.69540390979546e-06	0	2.69540390979546e-06	2.69477675833713e-06
Q01519	1.58026475459897e-07	1.23628812156193e-05	1.25209076910792e-05	1.25208954316057e-05
Q01574	6.18999289636395e-07	0	6.18999289636395e-07	0
Q04458	2.49706360302834e-07	0	2.49706360302834e-07	0
Q04935	9.0105219752772e-06	0	9.0105219752772e-06	0
Q06204	1.37157854073378e-05	0	1.37157854073378e-05	0
Q06405	1.36647820999684e-08	3.1293895626592e-05	3.13075604086919e-05	3.12939015306826e-05
Q07500	2.38766808303796e-06	0	2.38766808303796e-06	0
Q12055	5.39715583138771e-05	0	5.39715583138771e-05	7.5611931890616e-07
Q12165	1.36647820999684e-08	3.1293895626592e-05	3.13075604086919e-05	3.12939015306826e-05
Q12189	4.28062809921869e-05	9.36685731291994e-06	5.21731383051069e-05	9.38107310163868e-06
Q12233	1.36647820999684e-08	3.1293895626592e-05	3.13075604086919e-05	3.12939015306826e-05
Q12349	1.36647820999684e-08	3.1293895626592e-05	3.13075604086919e-05	3.12939015306826e-05
Q3E731	9.0105219752772e-06	0	9.0105219752772e-06	0
