enzymes	subSystems	D_0	D_005	D_01	D_015	D_02	D_025	D_03	D_035	D_04	D_045	D_05	D_055	D_06	D_065	D_07	D_075	D_08	D_085	D_09	D_095	D_1	D_105	D_11	D_115	D_12	D_125	D_13	D_135	D_14	D_145	D_15	D_155	D_16	D_165	D_17	D_175	D_18	D_185	D_19	D_195	D_2	D_205	D_21	D_215	D_22	D_225	D_23	D_235	D_24	D_245	D_25	D_255	D_26	D_265	D_27	D_275	D_28	D_285	D_29	D_295	D_3	D_305	D_31	D_315	D_32	D_325	D_33	D_335	D_34	D_345	D_35	D_355	D_36	D_365	D_37	D_375	D_38	D_385	D_39	D_395	D_4
P00127	Oxidative Phosphorylation	0.01882	0.018847	0.018829	0.018785	0.01875	0.018715	0.018659	0.018619	0.018587	0.018562	0.018541	0.018525	0.018511	0.0185	0.018491	0.018483	0.018477	0.018471	0.018467	0.018464	0.018461	0.018459	0.018457	0.018456	0.018456	0.018455	0.018455	0.018455	0.018456	0.018457	0.018458	0.018459	0.01846	0.018461	0.018463	0.018465	0.018467	0.018468	0.01847	0.018473	0.018475	0.018477	0.018479	0.018482	0.018484	0.018486	0.018489	0.018491	0.018494	0.018497	0.018499	0.018502	0.018504	0.018507	0.01851	0.018513	0.018515	0.018479	0.018096	0.017741	0.017302	0.016866	0.016432	0.016001	0.015573	0.015147	0.014723	0.014303	0.013884	0.013469	0.013055	0.012645	0.012237	0.011831	0.011428	0.011028	0.01063	0.010235	0.009843	0.009452	0.009065
P00128	Oxidative Phosphorylation	0.015884	0.015906	0.015892	0.015854	0.015825	0.015795	0.015748	0.015714	0.015687	0.015666	0.015649	0.015635	0.015623	0.015614	0.015606	0.0156	0.015594	0.01559	0.015586	0.015583	0.015581	0.015579	0.015578	0.015577	0.015576	0.015576	0.015576	0.015576	0.015577	0.015577	0.015578	0.015579	0.01558	0.015581	0.015583	0.015584	0.015586	0.015587	0.015589	0.015591	0.015593	0.015594	0.015596	0.015598	0.0156	0.015602	0.015605	0.015607	0.015609	0.015611	0.015613	0.015615	0.015618	0.01562	0.015622	0.015625	0.015627	0.015596	0.015273	0.014973	0.014603	0.014235	0.013869	0.013505	0.013143	0.012784	0.012426	0.012071	0.011718	0.011367	0.011019	0.010672	0.010328	0.009986	0.009646	0.009308	0.008972	0.008638	0.008307	0.007978	0.007651
P00163	Oxidative Phosphorylation	0.04761	0.047677	0.047633	0.047521	0.047433	0.047343	0.047203	0.047101	0.047021	0.046957	0.046905	0.046863	0.046829	0.0468	0.046777	0.046757	0.046741	0.046728	0.046717	0.046709	0.046702	0.046697	0.046693	0.04669	0.046688	0.046687	0.046687	0.046688	0.046689	0.046691	0.046693	0.046696	0.046699	0.046703	0.046707	0.046711	0.046716	0.046721	0.046726	0.046731	0.046736	0.046742	0.046748	0.046754	0.04676	0.046766	0.046772	0.046779	0.046785	0.046792	0.046798	0.046805	0.046812	0.046819	0.046825	0.046832	0.046839	0.046746	0.045778	0.04488	0.04377	0.042666	0.041569	0.040479	0.039395	0.038317	0.037246	0.036182	0.035124	0.034072	0.033027	0.031988	0.030956	0.02993	0.028911	0.027898	0.026892	0.025892	0.024899	0.023912	0.022932
P00330	Anaerobic excretion // Anaerobic excretion	0	0	0	0	0	0	0	0	0	0	0	0	0	0	0	0	0	0	0	0	0	0	0	0	0	0	0	0	0	0	0	0	0	0	0	0	0	0	0	0	0	0	0	0	0	0	0	0	0	0	0	0	0	0	0	0	0	0	0.000163	0.000338	0.000558	0.000776	0.000993	0.001209	0.001423	0.001636	0.001848	0.002058	0.002267	0.002474	0.00268	0.002885	0.003089	0.003291	0.003492	0.003691	0.003889	0.004086	0.004281	0.004475	0.004668
P00358	Glycolysis // Glycolysis	0	0	0	0	0	0	0	0	0	0	0	0	0	0	0	0	0	0	0	0	0	0	0	0	0	0	0	0	0	0	0	0	0	0	0	0	0	0	0	0	0	0	0	0	0	0	0	0	0	0	0	0	0	0	0	0	0	0	0	0	0	0	0	0	0	0	0	0	0	0	0	0	0	0	0	0	0	0	0	0	0
P00359	Glycolysis // Glycolysis	0.075098	0.041165	0.03653	0.039073	0.04113	0.042873	0.043648	0.044171	0.044581	0.044908	0.045172	0.045387	0.045565	0.045711	0.045832	0.045932	0.046015	0.046083	0.046139	0.046184	0.046221	0.046249	0.04627	0.046286	0.046296	0.046301	0.046303	0.0463	0.046295	0.046286	0.046275	0.046261	0.046245	0.046228	0.046208	0.046187	0.046165	0.046141	0.046116	0.04609	0.046063	0.046035	0.046006	0.045977	0.045947	0.045916	0.045885	0.045853	0.045821	0.045788	0.045755	0.045722	0.045688	0.045654	0.04562	0.045585	0.045551	0.047971	0.056345	0.062314	0.069704	0.077051	0.084354	0.091613	0.098829	0.106001	0.11313	0.120214	0.127256	0.134253	0.141208	0.148118	0.154985	0.161808	0.168588	0.175324	0.182016	0.188665	0.19527	0.201831	0.208349
P00360	Glycolysis // Glycolysis	0	0	0	0	0	0	0	0	0	0	0	0	0	0	0	0	0	0	0	0	0	0	0	0	0	0	0	0	0	0	0	0	0	0	0	0	0	0	0	0	0	0	0	0	0	0	0	0	0	0	0	0	0	0	0	0	0	0	0	0	0	0	0	0	0	0	0	0	0	0	0	0	0	0	0	0	0	0	0	0	0
P00401	Oxidative Phosphorylation // Oxidative Phosphorylation	0.020342	0.020371	0.020352	0.020304	0.020267	0.020228	0.020168	0.020124	0.02009	0.020063	0.020041	0.020023	0.020008	0.019996	0.019986	0.019978	0.019971	0.019965	0.019961	0.019957	0.019954	0.019952	0.01995	0.019949	0.019948	0.019948	0.019948	0.019948	0.019949	0.019949	0.01995	0.019952	0.019953	0.019955	0.019956	0.019958	0.01996	0.019962	0.019964	0.019966	0.019969	0.019971	0.019974	0.019976	0.019979	0.019981	0.019984	0.019987	0.01999	0.019992	0.019995	0.019998	0.020001	0.020004	0.020007	0.02001	0.020013	0.019973	0.01956	0.019175	0.018701	0.01823	0.017761	0.017295	0.016832	0.016372	0.015914	0.015459	0.015007	0.014558	0.014111	0.013667	0.013226	0.012788	0.012353	0.01192	0.01149	0.011063	0.010639	0.010217	0.009798
P00410	Oxidative Phosphorylation // Oxidative Phosphorylation	0.009883	0.009897	0.009888	0.009865	0.009847	0.009828	0.009799	0.009777	0.009761	0.009748	0.009737	0.009728	0.009721	0.009715	0.00971	0.009706	0.009703	0.0097	0.009698	0.009696	0.009695	0.009694	0.009693	0.009692	0.009692	0.009692	0.009692	0.009692	0.009692	0.009692	0.009693	0.009693	0.009694	0.009695	0.009696	0.009697	0.009698	0.009699	0.0097	0.009701	0.009702	0.009703	0.009704	0.009705	0.009707	0.009708	0.009709	0.009711	0.009712	0.009713	0.009715	0.009716	0.009718	0.009719	0.00972	0.009722	0.009723	0.009704	0.009503	0.009316	0.009086	0.008857	0.008629	0.008403	0.008178	0.007954	0.007732	0.007511	0.007291	0.007073	0.006856	0.00664	0.006426	0.006213	0.006002	0.005791	0.005582	0.005375	0.005169	0.004964	0.00476
P00420	Oxidative Phosphorylation // Oxidative Phosphorylation	0.010503	0.010518	0.010508	0.010484	0.010464	0.010445	0.010414	0.010391	0.010373	0.010359	0.010348	0.010339	0.010331	0.010325	0.01032	0.010315	0.010312	0.010309	0.010306	0.010305	0.010303	0.010302	0.010301	0.0103	0.0103	0.0103	0.0103	0.0103	0.0103	0.010301	0.010301	0.010302	0.010302	0.010303	0.010304	0.010305	0.010306	0.010307	0.010308	0.010309	0.010311	0.010312	0.010313	0.010314	0.010316	0.010317	0.010319	0.01032	0.010321	0.010323	0.010324	0.010326	0.010327	0.010329	0.01033	0.010332	0.010333	0.010313	0.010099	0.009901	0.009656	0.009413	0.009171	0.00893	0.008691	0.008453	0.008217	0.007982	0.007749	0.007517	0.007286	0.007057	0.006829	0.006603	0.006378	0.006155	0.005933	0.005712	0.005493	0.005275	0.005059
P00425	Oxidative Phosphorylation	0.005949	0.005958	0.005952	0.005938	0.005927	0.005916	0.005899	0.005886	0.005876	0.005868	0.005861	0.005856	0.005852	0.005848	0.005845	0.005843	0.005841	0.005839	0.005838	0.005837	0.005836	0.005835	0.005835	0.005834	0.005834	0.005834	0.005834	0.005834	0.005834	0.005835	0.005835	0.005835	0.005836	0.005836	0.005837	0.005837	0.005838	0.005838	0.005839	0.00584	0.00584	0.005841	0.005842	0.005842	0.005843	0.005844	0.005845	0.005846	0.005846	0.005847	0.005848	0.005849	0.00585	0.005851	0.005851	0.005852	0.005853	0.005842	0.005721	0.005608	0.00547	0.005332	0.005195	0.005058	0.004923	0.004788	0.004654	0.004521	0.004389	0.004258	0.004127	0.003997	0.003868	0.00374	0.003613	0.003486	0.003361	0.003236	0.003111	0.002988	0.002866
P00427	Oxidative Phosphorylation	0.006	0.006008	0.006002	0.005988	0.005977	0.005966	0.005948	0.005935	0.005925	0.005917	0.005911	0.005905	0.005901	0.005898	0.005895	0.005892	0.00589	0.005888	0.005887	0.005886	0.005885	0.005884	0.005884	0.005884	0.005883	0.005883	0.005883	0.005883	0.005883	0.005884	0.005884	0.005884	0.005885	0.005885	0.005886	0.005886	0.005887	0.005887	0.005888	0.005889	0.005889	0.00589	0.005891	0.005892	0.005892	0.005893	0.005894	0.005895	0.005896	0.005896	0.005897	0.005898	0.005899	0.0059	0.005901	0.005902	0.005902	0.005891	0.005769	0.005655	0.005516	0.005377	0.005238	0.005101	0.004964	0.004829	0.004694	0.004559	0.004426	0.004294	0.004162	0.004031	0.003901	0.003772	0.003643	0.003516	0.003389	0.003263	0.003138	0.003013	0.00289
P00549	Glycolysis	0.0122	0.006506	0.005653	0.00597	0.006226	0.006447	0.006544	0.006608	0.006658	0.006697	0.00673	0.006756	0.006777	0.006795	0.00681	0.006822	0.006832	0.00684	0.006847	0.006853	0.006857	0.006861	0.006863	0.006865	0.006866	0.006867	0.006867	0.006867	0.006866	0.006865	0.006864	0.006862	0.00686	0.006858	0.006856	0.006853	0.00685	0.006848	0.006844	0.006841	0.006838	0.006835	0.006831	0.006828	0.006824	0.00682	0.006816	0.006813	0.006809	0.006805	0.006801	0.006797	0.006793	0.006788	0.006784	0.00678	0.006776	0.007165	0.008515	0.009473	0.010663	0.011845	0.013021	0.014189	0.01535	0.016504	0.017652	0.018791	0.019924	0.02105	0.022169	0.02328	0.024385	0.025482	0.026573	0.027656	0.028732	0.029801	0.030863	0.031918	0.032966
P00560	Glycolysis // Glycolysis	0.004326	0.002361	0.002088	0.002229	0.002343	0.00244	0.002483	0.002512	0.002535	0.002553	0.002567	0.002579	0.002589	0.002597	0.002604	0.002609	0.002614	0.002618	0.002621	0.002623	0.002625	0.002627	0.002628	0.002629	0.002629	0.00263	0.00263	0.00263	0.002629	0.002629	0.002628	0.002628	0.002627	0.002626	0.002625	0.002623	0.002622	0.002621	0.002619	0.002618	0.002617	0.002615	0.002613	0.002612	0.00261	0.002608	0.002607	0.002605	0.002603	0.002601	0.0026	0.002598	0.002596	0.002594	0.002592	0.00259	0.002588	0.002727	0.003209	0.003552	0.003977	0.0044	0.00482	0.005237	0.005652	0.006065	0.006475	0.006882	0.007287	0.00769	0.00809	0.008487	0.008882	0.009274	0.009664	0.010052	0.010436	0.010819	0.011199	0.011576	0.011951
P00830	Oxidative Phosphorylation	0.051547	0.050103	0.04926	0.048404	0.047709	0.047139	0.046982	0.046878	0.046797	0.046732	0.04668	0.046637	0.046602	0.046573	0.046549	0.04653	0.046513	0.0465	0.046489	0.04648	0.046473	0.046468	0.046464	0.046461	0.046459	0.046458	0.046458	0.046459	0.04646	0.046462	0.046464	0.046467	0.04647	0.046474	0.046478	0.046482	0.046487	0.046492	0.046497	0.046503	0.046508	0.046514	0.04652	0.046526	0.046532	0.046538	0.046544	0.046551	0.046558	0.046564	0.046571	0.046578	0.046585	0.046592	0.046599	0.046606	0.046613	0.046576	0.045702	0.044805	0.043697	0.042596	0.041502	0.040414	0.039332	0.038257	0.037188	0.036125	0.035069	0.03402	0.032977	0.03194	0.03091	0.029887	0.028869	0.027859	0.026855	0.025857	0.024865	0.02388	0.022902
P00854	Oxidative Phosphorylation	0.027375	0.026608	0.02616	0.025706	0.025337	0.025033	0.02495	0.024895	0.024852	0.024818	0.02479	0.024767	0.024749	0.024733	0.024721	0.02471	0.024701	0.024694	0.024688	0.024684	0.02468	0.024677	0.024675	0.024673	0.024672	0.024672	0.024672	0.024672	0.024673	0.024674	0.024675	0.024677	0.024679	0.024681	0.024683	0.024685	0.024688	0.02469	0.024693	0.024696	0.024699	0.024702	0.024705	0.024708	0.024711	0.024715	0.024718	0.024721	0.024725	0.024728	0.024732	0.024736	0.024739	0.024743	0.024747	0.02475	0.024754	0.024735	0.024271	0.023794	0.023206	0.022621	0.02204	0.021462	0.020888	0.020317	0.019749	0.019185	0.018624	0.018067	0.017513	0.016962	0.016415	0.015872	0.015331	0.014795	0.014261	0.013732	0.013205	0.012682	0.012162
P00856	Oxidative Phosphorylation	0.005477	0.005324	0.005234	0.005143	0.005069	0.005009	0.004992	0.004981	0.004973	0.004966	0.00496	0.004956	0.004952	0.004949	0.004946	0.004944	0.004942	0.004941	0.00494	0.004939	0.004938	0.004938	0.004937	0.004937	0.004937	0.004936	0.004936	0.004937	0.004937	0.004937	0.004937	0.004937	0.004938	0.004938	0.004939	0.004939	0.00494	0.00494	0.004941	0.004941	0.004942	0.004942	0.004943	0.004944	0.004944	0.004945	0.004946	0.004946	0.004947	0.004948	0.004949	0.004949	0.00495	0.004951	0.004951	0.004952	0.004953	0.004949	0.004856	0.004761	0.004643	0.004526	0.00441	0.004294	0.004179	0.004065	0.003951	0.003839	0.003726	0.003615	0.003504	0.003394	0.003284	0.003176	0.003068	0.00296	0.002853	0.002747	0.002642	0.002537	0.002434
P00890	TCA	0.001528	0.006228	0.006963	0.006742	0.006563	0.006448	0.006393	0.006334	0.006288	0.006251	0.006221	0.006197	0.006177	0.006161	0.006147	0.006136	0.006127	0.006119	0.006113	0.006108	0.006103	0.0061	0.006098	0.006096	0.006095	0.006095	0.006094	0.006095	0.006095	0.006096	0.006098	0.006099	0.006101	0.006103	0.006105	0.006108	0.00611	0.006113	0.006116	0.006119	0.006122	0.006125	0.006128	0.006132	0.006135	0.006139	0.006142	0.006146	0.00615	0.006153	0.006157	0.006161	0.006165	0.006169	0.006172	0.006176	0.00618	0.006034	0.005707	0.005542	0.005344	0.005147	0.004951	0.004756	0.004562	0.004369	0.004178	0.003987	0.003797	0.003608	0.00342	0.003234	0.003048	0.002863	0.00268	0.002497	0.002315	0.002135	0.001955	0.001777	0.001599
P00924	Glycolysis // Glycolysis	0	0	0	0	0	0	0	0	0	0	0	0	0	0	0	0	0	0	0	0	0	0	0	0	0	0	0	0	0	0	0	0	0	0	0	0	0	0	0	0	0	0	0	0	0	0	0	0	0	0	0	0	0	0	0	0	0	0	0	0	0	0	0	0	0	0	0	0	0	0	0	0	0	0	0	0	0	0	0	0	0
P00925	Glycolysis // Glycolysis	0	0	0	0	0	0	0	0	0	0	0	0	0	0	0	0	0	0	0	0	0	0	0	0	0	0	0	0	0	0	0	0	0	0	0	0	0	0	0	0	0	0	0	0	0	0	0	0	0	0	0	0	0	0	0	0	0	0	0	0	0	0	0	0	0	0	0	0	0	0	0	0	0	0	0	0	0	0	0	0	0
P00942	Glycolysis // Glycolysis	8e-05	4.4e-05	3.8e-05	4.1e-05	4.3e-05	4.5e-05	4.6e-05	4.6e-05	4.7e-05	4.7e-05	4.7e-05	4.7e-05	4.8e-05	4.8e-05	4.8e-05	4.8e-05	4.8e-05	4.8e-05	4.8e-05	4.8e-05	4.8e-05	4.8e-05	4.8e-05	4.8e-05	4.8e-05	4.8e-05	4.8e-05	4.8e-05	4.8e-05	4.8e-05	4.8e-05	4.8e-05	4.8e-05	4.8e-05	4.8e-05	4.8e-05	4.8e-05	4.8e-05	4.8e-05	4.8e-05	4.8e-05	4.8e-05	4.8e-05	4.8e-05	4.8e-05	4.8e-05	4.8e-05	4.8e-05	4.8e-05	4.8e-05	4.8e-05	4.8e-05	4.8e-05	4.8e-05	4.8e-05	4.8e-05	4.8e-05	5.1e-05	6e-05	6.7e-05	7.5e-05	8.2e-05	9e-05	9.8e-05	0.000106	0.000113	0.000121	0.000128	0.000136	0.000143	0.000151	0.000158	0.000165	0.000173	0.00018	0.000187	0.000194	0.000201	0.000208	0.000215	0.000222
P00950	Glycolysis // Glycolysis	0.002487	0.001357	0.001201	0.001282	0.001347	0.001403	0.001428	0.001444	0.001457	0.001468	0.001476	0.001483	0.001489	0.001493	0.001497	0.0015	0.001503	0.001505	0.001507	0.001508	0.00151	0.00151	0.001511	0.001512	0.001512	0.001512	0.001512	0.001512	0.001512	0.001512	0.001511	0.001511	0.00151	0.00151	0.001509	0.001508	0.001508	0.001507	0.001506	0.001505	0.001505	0.001504	0.001503	0.001502	0.001501	0.0015	0.001499	0.001498	0.001497	0.001496	0.001495	0.001494	0.001493	0.001492	0.00149	0.001489	0.001488	0.001568	0.001845	0.002043	0.002287	0.00253	0.002771	0.003012	0.00325	0.003487	0.003723	0.003957	0.00419	0.004422	0.004652	0.00488	0.005107	0.005333	0.005557	0.00578	0.006001	0.006221	0.006439	0.006656	0.006872
P04037	Oxidative Phosphorylation	0.005931	0.005939	0.005934	0.00592	0.005909	0.005898	0.00588	0.005867	0.005857	0.005849	0.005843	0.005838	0.005833	0.00583	0.005827	0.005825	0.005823	0.005821	0.00582	0.005818	0.005818	0.005817	0.005816	0.005816	0.005816	0.005816	0.005816	0.005816	0.005816	0.005816	0.005817	0.005817	0.005817	0.005818	0.005818	0.005819	0.005819	0.00582	0.005821	0.005821	0.005822	0.005823	0.005823	0.005824	0.005825	0.005826	0.005826	0.005827	0.005828	0.005829	0.00583	0.00583	0.005831	0.005832	0.005833	0.005834	0.005835	0.005823	0.005703	0.005591	0.005452	0.005315	0.005178	0.005042	0.004907	0.004773	0.00464	0.004507	0.004375	0.004244	0.004114	0.003985	0.003856	0.003728	0.003601	0.003475	0.00335	0.003225	0.003102	0.002979	0.002857
P04039	Oxidative Phosphorylation	0.006163	0.006171	0.006166	0.006151	0.00614	0.006128	0.00611	0.006097	0.006086	0.006078	0.006072	0.006066	0.006062	0.006058	0.006055	0.006052	0.00605	0.006049	0.006047	0.006046	0.006045	0.006045	0.006044	0.006044	0.006043	0.006043	0.006043	0.006043	0.006044	0.006044	0.006044	0.006044	0.006045	0.006045	0.006046	0.006046	0.006047	0.006048	0.006048	0.006049	0.00605	0.00605	0.006051	0.006052	0.006053	0.006054	0.006054	0.006055	0.006056	0.006057	0.006058	0.006059	0.006059	0.00606	0.006061	0.006062	0.006063	0.006051	0.005926	0.005809	0.005666	0.005523	0.005381	0.00524	0.005099	0.00496	0.004821	0.004683	0.004547	0.00441	0.004275	0.004141	0.004007	0.003874	0.003742	0.003611	0.003481	0.003352	0.003223	0.003095	0.002968
P04385	Galactose metabolism	0	0	0	0	0	0	0	0	0	0	0	0	0	0	0	0	0	0	0	0	0	0	0	0	0	0	0	0	0	0	0	0	0	0	0	0	0	0	0	0	0	0	0	0	0	0	0	0	0	0	0	0	0	0	0	0	0	0	0	0	0	0	0	0	0	0	0	0	0	0	0	0	0	0	0	0	0	0	0	0	0
P04397	Galactose metabolism // Galactose metabolism	0	0	0	0	0	0	0	0	0	0	0	0	0	0	0	0	0	0	0	0	0	0	0	0	0	0	0	0	0	0	0	0	0	0	0	0	0	0	0	0	0	0	0	0	0	0	0	0	0	0	0	0	0	0	0	0	0	0	0	0	0	0	0	0	0	0	0	0	0	0	0	0	0	0	0	0	0	0	0	0	0
P04806	Glycolysis	0.005089	0.003219	0.003141	0.003543	0.003868	0.004126	0.004238	0.004324	0.004391	0.004445	0.004488	0.004523	0.004552	0.004576	0.004596	0.004612	0.004626	0.004637	0.004646	0.004653	0.004659	0.004664	0.004667	0.00467	0.004672	0.004672	0.004673	0.004672	0.004671	0.00467	0.004668	0.004666	0.004663	0.00466	0.004657	0.004654	0.00465	0.004646	0.004642	0.004638	0.004633	0.004629	0.004624	0.004619	0.004614	0.004609	0.004604	0.004599	0.004594	0.004588	0.004583	0.004577	0.004572	0.004566	0.004561	0.004555	0.004549	0.004689	0.005243	0.005673	0.0062	0.006724	0.007244	0.007762	0.008277	0.008789	0.009297	0.009803	0.010306	0.010806	0.011303	0.011797	0.012288	0.012776	0.013262	0.013744	0.014223	0.014699	0.015173	0.015643	0.016111
P04807	Glycolysis	0	0	0	0	0	0	0	0	0	0	0	0	0	0	0	0	0	0	0	0	0	0	0	0	0	0	0	0	0	0	0	0	0	0	0	0	0	0	0	0	0	0	0	0	0	0	0	0	0	0	0	0	0	0	0	0	0	0	0	0	0	0	0	0	0	0	0	0	0	0	0	0	0	0	0	0	0	0	0	0	0
P05626	Oxidative Phosphorylation	0.02533	0.02462	0.024206	0.023785	0.023444	0.023163	0.023086	0.023035	0.022995	0.022964	0.022938	0.022917	0.0229	0.022885	0.022874	0.022864	0.022856	0.022849	0.022844	0.02284	0.022836	0.022834	0.022832	0.02283	0.022829	0.022829	0.022829	0.022829	0.02283	0.022831	0.022832	0.022833	0.022835	0.022837	0.022839	0.022841	0.022843	0.022846	0.022848	0.022851	0.022853	0.022856	0.022859	0.022862	0.022865	0.022868	0.022871	0.022875	0.022878	0.022881	0.022884	0.022888	0.022891	0.022894	0.022898	0.022901	0.022905	0.022887	0.022457	0.022017	0.021472	0.020931	0.020393	0.019859	0.019327	0.018799	0.018274	0.017752	0.017233	0.016717	0.016204	0.015695	0.015189	0.014686	0.014186	0.013689	0.013196	0.012706	0.012218	0.011735	0.011254
P06169	Anaerobic excretion	0.051458	0.025337	0.01618	0.009897	0.004772	0.000845	0.00089	0.000925	0.000953	0.000974	0.000992	0.001006	0.001018	0.001028	0.001036	0.001043	0.001048	0.001053	0.001056	0.001059	0.001062	0.001064	0.001065	0.001066	0.001067	0.001067	0.001067	0.001067	0.001067	0.001066	0.001065	0.001064	0.001063	0.001062	0.001061	0.001059	0.001058	0.001056	0.001055	0.001053	0.001051	0.001049	0.001047	0.001045	0.001043	0.001041	0.001039	0.001037	0.001035	0.001033	0.001031	0.001028	0.001026	0.001024	0.001022	0.001019	0.001017	0.002979	0.009332	0.013608	0.018947	0.024253	0.029526	0.034767	0.039975	0.045151	0.050294	0.055404	0.060482	0.065527	0.07054	0.07552	0.080468	0.085382	0.090265	0.095114	0.099931	0.104716	0.109468	0.114187	0.118874
P07143	Oxidative Phosphorylation	0.037139	0.037192	0.037157	0.03707	0.037001	0.036931	0.036821	0.036742	0.036679	0.036629	0.036589	0.036557	0.03653	0.036507	0.036489	0.036474	0.036461	0.036451	0.036443	0.036436	0.036431	0.036426	0.036423	0.036421	0.03642	0.036419	0.036419	0.036419	0.036421	0.036422	0.036424	0.036426	0.036429	0.036431	0.036435	0.036438	0.036441	0.036445	0.036449	0.036453	0.036458	0.036462	0.036466	0.036471	0.036476	0.036481	0.036486	0.036491	0.036496	0.036501	0.036506	0.036511	0.036516	0.036522	0.036527	0.036532	0.036538	0.036465	0.03571	0.035009	0.034143	0.033283	0.032427	0.031576	0.030731	0.02989	0.029055	0.028224	0.027399	0.026579	0.025763	0.024953	0.024148	0.023348	0.022553	0.021763	0.020978	0.020198	0.019423	0.018653	0.017888
P07170	Salvage pathways // Salvage pathways	0	0	0	0	0	0	0	0	0	0	0	0	0	0	0	0	0	0	0	0	0	0	0	0	0	0	0	0	0	0	0	0	0	0	0	0	0	0	0	0	0	0	0	0	0	0	0	0	0	0	0	0	0	0	0	0	0	0	0	0	0	0	0	0	0	0	0	0	0	0	0	0	0	0	0	0	0	0	0	0	0
P07251	Oxidative Phosphorylation	0.055136	0.053591	0.052689	0.051774	0.051031	0.05042	0.050253	0.050142	0.050055	0.049985	0.049929	0.049884	0.049846	0.049815	0.04979	0.049769	0.049751	0.049737	0.049725	0.049716	0.049708	0.049702	0.049698	0.049695	0.049693	0.049692	0.049692	0.049693	0.049694	0.049696	0.049699	0.049702	0.049705	0.049709	0.049714	0.049718	0.049723	0.049728	0.049734	0.04974	0.049746	0.049752	0.049758	0.049764	0.049771	0.049778	0.049785	0.049791	0.049799	0.049806	0.049813	0.04982	0.049827	0.049835	0.049842	0.04985	0.049857	0.049819	0.048884	0.047924	0.046739	0.045562	0.044391	0.043227	0.04207	0.04092	0.039776	0.03864	0.037511	0.036388	0.035273	0.034164	0.033062	0.031967	0.030879	0.029798	0.028724	0.027657	0.026596	0.025543	0.024496
P07255	Oxidative Phosphorylation // Oxidative Phosphorylation	0.002409	0.002412	0.00241	0.002405	0.0024	0.002396	0.002388	0.002383	0.002379	0.002376	0.002373	0.002371	0.002369	0.002368	0.002367	0.002366	0.002365	0.002364	0.002364	0.002363	0.002363	0.002363	0.002363	0.002362	0.002362	0.002362	0.002362	0.002362	0.002362	0.002363	0.002363	0.002363	0.002363	0.002363	0.002363	0.002364	0.002364	0.002364	0.002364	0.002365	0.002365	0.002365	0.002365	0.002366	0.002366	0.002366	0.002367	0.002367	0.002367	0.002368	0.002368	0.002368	0.002369	0.002369	0.002369	0.00237	0.00237	0.002365	0.002316	0.002271	0.002215	0.002159	0.002103	0.002048	0.001993	0.001939	0.001885	0.001831	0.001777	0.001724	0.001671	0.001619	0.001566	0.001514	0.001463	0.001412	0.001361	0.00131	0.00126	0.00121	0.00116
P07256	Oxidative Phosphorylation	0.054777	0.054855	0.054803	0.054675	0.054574	0.05447	0.054309	0.054191	0.054099	0.054026	0.053966	0.053918	0.053878	0.053846	0.053819	0.053796	0.053778	0.053763	0.05375	0.05374	0.053732	0.053726	0.053721	0.053718	0.053716	0.053715	0.053715	0.053716	0.053717	0.053719	0.053722	0.053725	0.053729	0.053733	0.053738	0.053743	0.053748	0.053754	0.05376	0.053766	0.053772	0.053778	0.053785	0.053792	0.053799	0.053806	0.053813	0.053821	0.053828	0.053836	0.053843	0.053851	0.053859	0.053867	0.053874	0.053882	0.05389	0.053783	0.05267	0.051636	0.050359	0.049089	0.047827	0.046573	0.045325	0.044086	0.042853	0.041629	0.040411	0.039201	0.037999	0.036804	0.035616	0.034436	0.033263	0.032098	0.030941	0.02979	0.028647	0.027512	0.026384
P07257	Oxidative Phosphorylation	0.044144	0.044207	0.044165	0.044062	0.04398	0.043897	0.043767	0.043672	0.043598	0.043539	0.043491	0.043452	0.04342	0.043394	0.043372	0.043354	0.043339	0.043327	0.043317	0.043309	0.043302	0.043297	0.043294	0.043291	0.043289	0.043289	0.043288	0.043289	0.04329	0.043292	0.043294	0.043297	0.0433	0.043303	0.043307	0.043311	0.043315	0.04332	0.043324	0.043329	0.043334	0.04334	0.043345	0.04335	0.043356	0.043362	0.043368	0.043373	0.043379	0.043386	0.043392	0.043398	0.043404	0.043411	0.043417	0.043423	0.04343	0.043343	0.042446	0.041613	0.040584	0.039561	0.038543	0.037532	0.036527	0.035528	0.034535	0.033548	0.032567	0.031592	0.030623	0.02966	0.028703	0.027752	0.026807	0.025868	0.024935	0.024008	0.023087	0.022172	0.021263
P08067	Oxidative Phosphorylation	0.025481	0.025517	0.025494	0.025434	0.025387	0.025339	0.025263	0.025209	0.025166	0.025132	0.025104	0.025082	0.025063	0.025048	0.025035	0.025025	0.025016	0.025009	0.025004	0.024999	0.024995	0.024992	0.02499	0.024989	0.024988	0.024987	0.024987	0.024988	0.024988	0.024989	0.024991	0.024992	0.024994	0.024996	0.024998	0.025	0.025003	0.025005	0.025008	0.025011	0.025014	0.025017	0.02502	0.025023	0.025026	0.02503	0.025033	0.025036	0.02504	0.025043	0.025047	0.02505	0.025054	0.025058	0.025061	0.025065	0.025069	0.025019	0.024501	0.02402	0.023426	0.022835	0.022248	0.021665	0.021085	0.020508	0.019935	0.019365	0.018799	0.018236	0.017676	0.01712	0.016568	0.016019	0.015474	0.014932	0.014393	0.013858	0.013326	0.012798	0.012273
P08417	TCA // TCA	0.000208	0.000843	0.00094	0.000908	0.000882	0.000864	0.000856	0.000848	0.000841	0.000836	0.000831	0.000828	0.000825	0.000823	0.000821	0.000819	0.000818	0.000817	0.000816	0.000815	0.000814	0.000814	0.000814	0.000813	0.000813	0.000813	0.000813	0.000813	0.000813	0.000813	0.000813	0.000814	0.000814	0.000814	0.000815	0.000815	0.000815	0.000816	0.000816	0.000817	0.000817	0.000817	0.000818	0.000818	0.000819	0.000819	0.00082	0.00082	0.000821	0.000822	0.000822	0.000823	0.000823	0.000824	0.000824	0.000825	0.000825	0.000805	0.000761	0.000738	0.000711	0.000684	0.000657	0.00063	0.000603	0.000577	0.000551	0.000524	0.000498	0.000472	0.000447	0.000421	0.000395	0.00037	0.000345	0.00032	0.000295	0.00027	0.000245	0.000221	0.000196
P08431	Galactose metabolism // Galactose metabolism	0	0	0	0	0	0	0	0	0	0	0	0	0	0	0	0	0	0	0	0	0	0	0	0	0	0	0	0	0	0	0	0	0	0	0	0	0	0	0	0	0	0	0	0	0	0	0	0	0	0	0	0	0	0	0	0	0	0	0	0	0	0	0	0	0	0	0	0	0	0	0	0	0	0	0	0	0	0	0	0	0
P08525	Oxidative Phosphorylation	0.011968	0.011985	0.011974	0.011946	0.011924	0.011901	0.011866	0.01184	0.01182	0.011804	0.011791	0.011781	0.011772	0.011765	0.011759	0.011754	0.01175	0.011747	0.011744	0.011742	0.01174	0.011739	0.011738	0.011737	0.011737	0.011736	0.011736	0.011737	0.011737	0.011737	0.011738	0.011739	0.01174	0.01174	0.011741	0.011743	0.011744	0.011745	0.011746	0.011748	0.011749	0.01175	0.011752	0.011753	0.011755	0.011756	0.011758	0.011759	0.011761	0.011763	0.011764	0.011766	0.011768	0.01177	0.011771	0.011773	0.011775	0.011751	0.011508	0.011282	0.011003	0.010726	0.01045	0.010176	0.009903	0.009632	0.009363	0.009096	0.00883	0.008565	0.008303	0.008041	0.007782	0.007524	0.007268	0.007013	0.00676	0.006509	0.006259	0.006011	0.005765
P09201	Glycolysis	0	0	0	0	0	0	0	0	0	0	0	0	0	0	0	0	0	0	0	0	0	0	0	0	0	0	0	0	0	0	0	0	0	0	0	0	0	0	0	0	0	0	0	0	0	0	0	0	0	0	0	0	0	0	0	0	0	0	0	0	0	0	0	0	0	0	0	0	0	0	0	0	0	0	0	0	0	0	0	0	0
P09457	Oxidative Phosphorylation	0.021463	0.020861	0.02051	0.020154	0.019865	0.019627	0.019562	0.019519	0.019485	0.019458	0.019436	0.019418	0.019403	0.019391	0.019382	0.019373	0.019366	0.019361	0.019356	0.019353	0.01935	0.019347	0.019346	0.019345	0.019344	0.019343	0.019343	0.019344	0.019344	0.019345	0.019346	0.019347	0.019349	0.01935	0.019352	0.019354	0.019356	0.019358	0.01936	0.019362	0.019364	0.019367	0.019369	0.019372	0.019374	0.019377	0.01938	0.019382	0.019385	0.019388	0.019391	0.019393	0.019396	0.019399	0.019402	0.019405	0.019408	0.019393	0.019029	0.018655	0.018194	0.017736	0.01728	0.016827	0.016376	0.015929	0.015484	0.015041	0.014602	0.014165	0.01373	0.013299	0.01287	0.012444	0.01202	0.011599	0.011181	0.010766	0.010353	0.009943	0.009536
P09624	Other	1.3e-05	1e-06	0.005617	0.014089	0.020998	0.026422	0.026477	0.026455	0.026437	0.026423	0.026412	0.026403	0.026395	0.026389	0.026384	0.026379	0.026376	0.026373	0.026371	0.026369	0.026368	0.026366	0.026366	0.026365	0.026365	0.026365	0.026365	0.026365	0.026365	0.026366	0.026366	0.026367	0.026368	0.026368	0.026369	0.02637	0.026371	0.026373	0.026374	0.026375	0.026376	0.026377	0.026379	0.02638	0.026381	0.026383	0.026384	0.026386	0.026387	0.026389	0.02639	0.026392	0.026393	0.026395	0.026396	0.026398	0.0264	0.025721	0.024684	0.024207	0.023614	0.023025	0.02244	0.021858	0.02128	0.020706	0.020134	0.019567	0.019003	0.018442	0.017885	0.017331	0.016781	0.016235	0.015692	0.015153	0.014617	0.014084	0.013555	0.01303	0.012508
P0CX10	Glycolysis // Glycolysis	0	0	0	0	0	0	0	0	0	0	0	0	0	0	0	0	0	0	0	0	0	0	0	0	0	0	0	0	0	0	0	0	0	0	0	0	0	0	0	0	0	0	0	0	0	0	0	0	0	0	0	0	0	0	0	0	0	0	0	0	0	0	0	0	0	0	0	0	0	0	0	0	0	0	0	0	0	0	0	0	0
P0CX11	Glycolysis // Glycolysis	0	0	0	0	0	0	0	0	0	0	0	0	0	0	0	0	0	0	0	0	0	0	0	0	0	0	0	0	0	0	0	0	0	0	0	0	0	0	0	0	0	0	0	0	0	0	0	0	0	0	0	0	0	0	0	0	0	0	0	0	0	0	0	0	0	0	0	0	0	0	0	0	0	0	0	0	0	0	0	0	0
P10174	Oxidative Phosphorylation	0.002398	0.002402	0.0024	0.002394	0.002389	0.002385	0.002378	0.002373	0.002369	0.002365	0.002363	0.002361	0.002359	0.002358	0.002356	0.002355	0.002355	0.002354	0.002353	0.002353	0.002353	0.002352	0.002352	0.002352	0.002352	0.002352	0.002352	0.002352	0.002352	0.002352	0.002352	0.002352	0.002352	0.002353	0.002353	0.002353	0.002353	0.002354	0.002354	0.002354	0.002354	0.002355	0.002355	0.002355	0.002356	0.002356	0.002356	0.002356	0.002357	0.002357	0.002357	0.002358	0.002358	0.002358	0.002359	0.002359	0.00236	0.002355	0.002306	0.002261	0.002205	0.002149	0.002094	0.002039	0.001985	0.00193	0.001876	0.001823	0.001769	0.001716	0.001664	0.001611	0.001559	0.001508	0.001456	0.001405	0.001355	0.001304	0.001254	0.001205	0.001155
P10963	Other	0	0	0	0	0	0	0	0	0	0	0	0	0	0	0	0	0	0	0	0	0	0	0	0	0	0	0	0	0	0	0	0	0	0	0	0	0	0	0	0	0	0	0	0	0	0	0	0	0	0	0	0	0	0	0	0	0	0	0	0	0	0	0	0	0	0	0	0	0	0	0	0	0	0	0	0	0	0	0	0	0
P11154	TCA	0	0.002403	0.003953	0.005261	0.006318	0.00711	0.007477	0.007765	0.00799	0.00817	0.008315	0.008433	0.00853	0.008611	0.008677	0.008732	0.008778	0.008815	0.008846	0.008871	0.008891	0.008906	0.008918	0.008926	0.008932	0.008935	0.008935	0.008934	0.008931	0.008926	0.00892	0.008912	0.008903	0.008894	0.008883	0.008871	0.008859	0.008846	0.008832	0.008818	0.008803	0.008787	0.008771	0.008755	0.008739	0.008722	0.008704	0.008687	0.008669	0.008651	0.008633	0.008615	0.008596	0.008577	0.008559	0.00854	0.008521	0.008916	0.009072	0.009229	0.009385	0.009541	0.009698	0.009854	0.010011	0.010167	0.010324	0.01048	0.010637	0.010793	0.01095	0.011106	0.011262	0.011419	0.011575	0.011732	0.011888	0.012045	0.012201	0.012358	0.012514
P11412	pentose phosphate	0	0.000164	0.000254	0.000342	0.000413	0.000447	0.000454	0.000471	0.000485	0.000496	0.000505	0.000513	0.000519	0.000524	0.000528	0.000531	0.000534	0.000536	0.000538	0.00054	0.000541	0.000542	0.000543	0.000543	0.000544	0.000544	0.000544	0.000544	0.000543	0.000543	0.000543	0.000542	0.000542	0.000541	0.000541	0.00054	0.000539	0.000538	0.000537	0.000536	0.000536	0.000535	0.000534	0.000533	0.000532	0.000531	0.00053	0.000528	0.000527	0.000526	0.000525	0.000524	0.000523	0.000522	0.00052	0.000519	0.000518	0.000431	0.000331	0.00034	0.000349	0.000358	0.000367	0.000377	0.000386	0.000395	0.000404	0.000413	0.000422	0.000431	0.000441	0.00045	0.000459	0.000468	0.000477	0.000486	0.000495	0.000505	0.000514	0.000523	0.000532
P12695	Other	1e-06	0	0.000391	0.000981	0.001462	0.001839	0.001843	0.001842	0.00184	0.001839	0.001839	0.001838	0.001838	0.001837	0.001837	0.001836	0.001836	0.001836	0.001836	0.001836	0.001836	0.001836	0.001835	0.001835	0.001835	0.001835	0.001835	0.001835	0.001835	0.001835	0.001836	0.001836	0.001836	0.001836	0.001836	0.001836	0.001836	0.001836	0.001836	0.001836	0.001836	0.001836	0.001836	0.001836	0.001837	0.001837	0.001837	0.001837	0.001837	0.001837	0.001837	0.001837	0.001837	0.001838	0.001838	0.001838	0.001838	0.001791	0.001718	0.001685	0.001644	0.001603	0.001562	0.001522	0.001481	0.001441	0.001402	0.001362	0.001323	0.001284	0.001245	0.001207	0.001168	0.00113	0.001092	0.001055	0.001018	0.00098	0.000944	0.000907	0.000871
P12709	Glycolysis // Glycolysis	0.002322	0.001215	0.001041	0.001089	0.001128	0.00118	0.00121	0.001221	0.00123	0.001236	0.001242	0.001246	0.00125	0.001253	0.001255	0.001257	0.001259	0.00126	0.001262	0.001263	0.001263	0.001264	0.001264	0.001265	0.001265	0.001265	0.001265	0.001265	0.001265	0.001265	0.001264	0.001264	0.001264	0.001263	0.001263	0.001263	0.001262	0.001262	0.001261	0.001261	0.00126	0.001259	0.001259	0.001258	0.001258	0.001257	0.001256	0.001256	0.001255	0.001254	0.001254	0.001253	0.001252	0.001252	0.001251	0.00125	0.00125	0.001397	0.001743	0.001925	0.002151	0.002375	0.002598	0.002819	0.00304	0.003259	0.003476	0.003693	0.003907	0.004121	0.004333	0.004544	0.004754	0.004962	0.005168	0.005374	0.005578	0.005781	0.005982	0.006182	0.006381
P14540	Glycolysis // Glycolysis	0.03163	0.017206	0.015181	0.016182	0.016991	0.017729	0.018077	0.018285	0.018449	0.018579	0.018684	0.01877	0.018841	0.018899	0.018947	0.018987	0.01902	0.019047	0.019069	0.019088	0.019102	0.019113	0.019122	0.019128	0.019132	0.019134	0.019135	0.019134	0.019131	0.019128	0.019123	0.019118	0.019112	0.019105	0.019097	0.019089	0.01908	0.01907	0.01906	0.01905	0.019039	0.019028	0.019017	0.019005	0.018993	0.018981	0.018968	0.018956	0.018943	0.01893	0.018917	0.018903	0.01889	0.018876	0.018863	0.018849	0.018835	0.020053	0.023819	0.026327	0.029433	0.032521	0.035591	0.038642	0.041675	0.04469	0.047686	0.050664	0.053624	0.056565	0.059488	0.062392	0.065278	0.068146	0.070995	0.073826	0.076638	0.079432	0.082208	0.084966	0.087705
P15019	pentose phosphate // pentose phosphate	0	0.000622	0.000964	0.001296	0.001565	0.001696	0.00172	0.001787	0.001839	0.001882	0.001916	0.001943	0.001966	0.001985	0.002	0.002013	0.002024	0.002033	0.00204	0.002046	0.00205	0.002054	0.002057	0.002059	0.00206	0.002061	0.002061	0.00206	0.00206	0.002059	0.002057	0.002055	0.002053	0.002051	0.002048	0.002046	0.002043	0.00204	0.002037	0.002033	0.00203	0.002026	0.002022	0.002019	0.002015	0.002011	0.002007	0.002003	0.001998	0.001994	0.00199	0.001986	0.001981	0.001977	0.001973	0.001968	0.001964	0.001633	0.001249	0.001284	0.001318	0.001353	0.001388	0.001422	0.001457	0.001492	0.001526	0.001561	0.001596	0.00163	0.001665	0.001699	0.001734	0.001769	0.001803	0.001838	0.001873	0.001907	0.001942	0.001977	0.002011
P16387	Other	1.2e-05	1e-06	0.00482	0.012089	0.018018	0.022672	0.022719	0.022699	0.022684	0.022672	0.022663	0.022655	0.022648	0.022643	0.022638	0.022635	0.022632	0.022629	0.022627	0.022626	0.022625	0.022624	0.022623	0.022622	0.022622	0.022622	0.022622	0.022622	0.022623	0.022623	0.022623	0.022624	0.022625	0.022625	0.022626	0.022627	0.022628	0.022629	0.02263	0.022631	0.022632	0.022633	0.022634	0.022635	0.022637	0.022638	0.022639	0.02264	0.022642	0.022643	0.022644	0.022645	0.022647	0.022648	0.022649	0.022651	0.022652	0.02207	0.02118	0.02077	0.020262	0.019757	0.019255	0.018756	0.018259	0.017766	0.017276	0.016789	0.016305	0.015824	0.015346	0.014871	0.014399	0.01393	0.013464	0.013002	0.012542	0.012085	0.011631	0.011181	0.010733
P16451	Other	1e-06	0	0.000342	0.000859	0.00128	0.00161	0.001614	0.001612	0.001611	0.00161	0.00161	0.001609	0.001609	0.001608	0.001608	0.001608	0.001607	0.001607	0.001607	0.001607	0.001607	0.001607	0.001607	0.001607	0.001607	0.001607	0.001607	0.001607	0.001607	0.001607	0.001607	0.001607	0.001607	0.001607	0.001607	0.001607	0.001607	0.001607	0.001607	0.001607	0.001607	0.001607	0.001608	0.001608	0.001608	0.001608	0.001608	0.001608	0.001608	0.001608	0.001608	0.001608	0.001608	0.001609	0.001609	0.001609	0.001609	0.001567	0.001504	0.001475	0.001439	0.001403	0.001368	0.001332	0.001297	0.001262	0.001227	0.001192	0.001158	0.001124	0.00109	0.001056	0.001023	0.000989	0.000956	0.000923	0.000891	0.000858	0.000826	0.000794	0.000762
P16467	Anaerobic excretion	0	0	0	0	0	0	0	0	0	0	0	0	0	0	0	0	0	0	0	0	0	0	0	0	0	0	0	0	0	0	0	0	0	0	0	0	0	0	0	0	0	0	0	0	0	0	0	0	0	0	0	0	0	0	0	0	0	0	0	0	0	0	0	0	0	0	0	0	0	0	0	0	0	0	0	0	0	0	0	0	0
P16861	Glycolysis	0	0	0	0	0	0	0	0	0	0	0	0	0	0	0	0	0	0	0	0	0	0	0	0	0	0	0	0	0	0	0	0	0	0	0	0	0	0	0	0	0	0	0	0	0	0	0	0	0	0	0	0	0	0	0	0	0	0	0	0	0	0	0	0	0	0	0	0	0	0	0	0	0	0	0	0	0	0	0	0	0
P16862	Glycolysis // Glycolysis	0.007603	0.004136	0.003649	0.00389	0.004084	0.004262	0.004345	0.004395	0.004435	0.004466	0.004491	0.004512	0.004529	0.004543	0.004555	0.004564	0.004572	0.004579	0.004584	0.004588	0.004592	0.004594	0.004597	0.004598	0.004599	0.004599	0.0046	0.004599	0.004599	0.004598	0.004597	0.004596	0.004594	0.004592	0.004591	0.004589	0.004586	0.004584	0.004582	0.004579	0.004577	0.004574	0.004571	0.004568	0.004566	0.004563	0.00456	0.004557	0.004553	0.00455	0.004547	0.004544	0.004541	0.004538	0.004534	0.004531	0.004528	0.00482	0.005726	0.006328	0.007075	0.007818	0.008555	0.009289	0.010018	0.010743	0.011463	0.012179	0.01289	0.013597	0.0143	0.014998	0.015692	0.016381	0.017066	0.017746	0.018422	0.019094	0.019761	0.020424	0.021082
P17505	TCA // TCA	0.000757	0.003087	0.003431	0.003319	0.003228	0.003173	0.003147	0.003117	0.003094	0.003075	0.00306	0.003048	0.003038	0.003029	0.003023	0.003017	0.003012	0.003008	0.003005	0.003003	0.003001	0.002999	0.002998	0.002997	0.002996	0.002996	0.002996	0.002996	0.002997	0.002997	0.002998	0.002999	0.002999	0.003001	0.003002	0.003003	0.003004	0.003006	0.003007	0.003008	0.00301	0.003012	0.003013	0.003015	0.003017	0.003018	0.00302	0.003022	0.003024	0.003026	0.003028	0.00303	0.003031	0.003033	0.003035	0.003037	0.003039	0.002937	0.002774	0.002691	0.002592	0.002493	0.002395	0.002297	0.0022	0.002104	0.002008	0.001912	0.001817	0.001722	0.001628	0.001535	0.001442	0.001349	0.001257	0.001166	0.001075	0.000984	0.000894	0.000805	0.000716
P17709	Glycolysis	0	0	0	0	0	0	0	0	0	0	0	0	0	0	0	0	0	0	0	0	0	0	0	0	0	0	0	0	0	0	0	0	0	0	0	0	0	0	0	0	0	0	0	0	0	0	0	0	0	0	0	0	0	0	0	0	0	0	0	0	0	0	0	0	0	0	0	0	0	0	0	0	0	0	0	0	0	0	0	0	0
P19414	TCA // TCA	0.00241	0.009824	0.010984	0.010635	0.010354	0.010172	0.010085	0.009992	0.009919	0.009861	0.009814	0.009776	0.009745	0.009719	0.009697	0.009679	0.009665	0.009653	0.009643	0.009635	0.009628	0.009623	0.00962	0.009617	0.009615	0.009614	0.009614	0.009615	0.009616	0.009617	0.009619	0.009622	0.009625	0.009628	0.009631	0.009635	0.009639	0.009644	0.009648	0.009653	0.009658	0.009663	0.009668	0.009673	0.009678	0.009684	0.00969	0.009695	0.009701	0.009707	0.009713	0.009719	0.009725	0.009731	0.009737	0.009743	0.00975	0.009519	0.009003	0.008743	0.008431	0.00812	0.007811	0.007503	0.007197	0.006893	0.00659	0.006289	0.00599	0.005692	0.005396	0.005101	0.004808	0.004517	0.004227	0.003939	0.003653	0.003368	0.003084	0.002803	0.002523
P19516	Oxidative Phosphorylation	0	0	0	0	0	0	0	0	0	0	0	0	0	0	0	0	0	0	0	0	0	0	0	0	0	0	0	0	0	0	0	0	0	0	0	0	0	0	0	0	0	0	0	0	0	0	0	0	0	0	0	0	0	0	0	0	0	0	0	0	0	0	0	0	0	0	0	0	0	0	0	0	0	0	0	0	0	0	0	0	0
P20967	TCA	0.016648	0.067196	0.075271	0.072547	0.07035	0.068792	0.068078	0.067364	0.066803	0.066357	0.065996	0.065702	0.06546	0.065261	0.065096	0.064959	0.064846	0.064753	0.064677	0.064616	0.064567	0.064528	0.0645	0.064479	0.064465	0.064458	0.064457	0.064461	0.064469	0.064481	0.064497	0.064516	0.064538	0.064563	0.06459	0.064619	0.06465	0.064683	0.064718	0.064754	0.064791	0.064829	0.064869	0.06491	0.064951	0.064994	0.065037	0.065081	0.065125	0.06517	0.065215	0.065261	0.065308	0.065355	0.065402	0.065449	0.065497	0.064552	0.060963	0.059148	0.056969	0.0548	0.052643	0.050497	0.048362	0.046239	0.044127	0.042025	0.039935	0.037856	0.035789	0.033732	0.031687	0.029653	0.02763	0.025619	0.023618	0.021629	0.019651	0.017684	0.015728
P21306	Oxidative Phosphorylation	0.006343	0.006165	0.006062	0.005956	0.005871	0.005801	0.005781	0.005769	0.005758	0.005751	0.005744	0.005739	0.005735	0.005731	0.005728	0.005726	0.005724	0.005722	0.005721	0.00572	0.005719	0.005718	0.005717	0.005717	0.005717	0.005717	0.005717	0.005717	0.005717	0.005717	0.005718	0.005718	0.005718	0.005719	0.005719	0.00572	0.00572	0.005721	0.005722	0.005722	0.005723	0.005724	0.005724	0.005725	0.005726	0.005727	0.005727	0.005728	0.005729	0.00573	0.005731	0.005732	0.005732	0.005733	0.005734	0.005735	0.005736	0.005731	0.005624	0.005513	0.005377	0.005242	0.005107	0.004973	0.00484	0.004708	0.004576	0.004445	0.004315	0.004186	0.004058	0.00393	0.003804	0.003678	0.003552	0.003428	0.003305	0.003182	0.00306	0.002939	0.002818
P21801	TCA // TCA	0.000558	0.002262	0.002524	0.002437	0.002366	0.00232	0.002298	0.002276	0.002258	0.002243	0.002232	0.002222	0.002215	0.002208	0.002203	0.002199	0.002195	0.002192	0.002189	0.002188	0.002186	0.002185	0.002184	0.002183	0.002183	0.002182	0.002182	0.002183	0.002183	0.002183	0.002184	0.002184	0.002185	0.002186	0.002187	0.002188	0.002189	0.00219	0.002191	0.002192	0.002193	0.002194	0.002196	0.002197	0.002198	0.0022	0.002201	0.002202	0.002204	0.002205	0.002207	0.002208	0.00221	0.002211	0.002213	0.002214	0.002216	0.002162	0.002042	0.001981	0.001908	0.001836	0.001763	0.001691	0.00162	0.001549	0.001478	0.001408	0.001338	0.001268	0.001199	0.00113	0.001061	0.000993	0.000926	0.000858	0.000791	0.000725	0.000658	0.000592	0.000527
P21826	Anaplerotic reactions 	0	0	0	0	0	0	0	0	0	0	0	0	0	0	0	0	0	0	0	0	0	0	0	0	0	0	0	0	0	0	0	0	0	0	0	0	0	0	0	0	0	0	0	0	0	0	0	0	0	0	0	0	0	0	0	0	0	0	0	0	0	0	0	0	0	0	0	0	0	0	0	0	0	0	0	0	0	0	0	0	0
P21954	TCA // TCA	0.006962	0.028246	0.031703	0.030642	0.029786	0.029185	0.028909	0.028628	0.028407	0.028231	0.028089	0.027973	0.027878	0.027799	0.027734	0.02768	0.027636	0.027599	0.027569	0.027545	0.027526	0.027511	0.027499	0.027491	0.027486	0.027483	0.027483	0.027484	0.027487	0.027492	0.027498	0.027506	0.027515	0.027524	0.027535	0.027546	0.027559	0.027572	0.027585	0.0276	0.027614	0.027629	0.027645	0.027661	0.027677	0.027694	0.027711	0.027728	0.027746	0.027764	0.027782	0.0278	0.027818	0.027836	0.027855	0.027874	0.027893	0.0275	0.026008	0.025258	0.024356	0.023458	0.022565	0.021676	0.020792	0.019913	0.019039	0.018169	0.017304	0.016443	0.015588	0.014737	0.01389	0.013048	0.012211	0.011379	0.010551	0.009728	0.00891	0.008097	0.007288
P22289	Oxidative Phosphorylation	0.008153	0.008165	0.008157	0.008138	0.008123	0.008108	0.008084	0.008066	0.008053	0.008042	0.008033	0.008026	0.00802	0.008015	0.008011	0.008007	0.008005	0.008002	0.008001	0.007999	0.007998	0.007997	0.007996	0.007996	0.007996	0.007995	0.007995	0.007995	0.007996	0.007996	0.007996	0.007997	0.007997	0.007998	0.007999	0.008	0.008	0.008001	0.008002	0.008003	0.008004	0.008005	0.008006	0.008007	0.008008	0.008009	0.00801	0.008011	0.008012	0.008013	0.008014	0.008016	0.008017	0.008018	0.008019	0.00802	0.008021	0.008006	0.00784	0.007686	0.007496	0.007307	0.007119	0.006932	0.006747	0.006562	0.006379	0.006196	0.006015	0.005835	0.005656	0.005478	0.005301	0.005126	0.004951	0.004778	0.004605	0.004434	0.004264	0.004095	0.003927
P23254	pentose phosphate // pentose phosphate // pentose phosphate // pentose phosphate	0	0.001088	0.001687	0.002267	0.002737	0.002942	0.00296	0.003076	0.003167	0.003239	0.003297	0.003345	0.003384	0.003417	0.003443	0.003466	0.003484	0.003499	0.003511	0.003521	0.003529	0.003536	0.00354	0.003544	0.003546	0.003547	0.003547	0.003547	0.003546	0.003544	0.003541	0.003538	0.003535	0.003531	0.003526	0.003522	0.003517	0.003511	0.003506	0.0035	0.003494	0.003488	0.003481	0.003475	0.003468	0.003461	0.003454	0.003447	0.00344	0.003433	0.003426	0.003418	0.003411	0.003403	0.003396	0.003388	0.00338	0.002697	0.001895	0.001955	0.002015	0.002074	0.002134	0.002194	0.002253	0.002313	0.002373	0.002432	0.002492	0.002552	0.002611	0.002671	0.00273	0.00279	0.00285	0.002909	0.002969	0.003029	0.003088	0.003148	0.003208
P26263	Anaerobic excretion	0	0	0	0	0	0	0	0	0	0	0	0	0	0	0	0	0	0	0	0	0	0	0	0	0	0	0	0	0	0	0	0	0	0	0	0	0	0	0	0	0	0	0	0	0	0	0	0	0	0	0	0	0	0	0	0	0	0	0	0	0	0	0	0	0	0	0	0	0	0	0	0	0	0	0	0	0	0	0	0	0
P28240	Anaplerotic reactions 	0	0.000376	8.6e-05	0.000231	0.000348	0.000554	0.000625	0.00066	0.000688	0.00071	0.000728	0.000743	0.000755	0.000765	0.000773	0.00078	0.000785	0.00079	0.000794	0.000797	0.000799	0.000801	0.000802	0.000803	0.000804	0.000805	0.000805	0.000804	0.000804	0.000803	0.000803	0.000802	0.000801	0.000799	0.000798	0.000797	0.000795	0.000794	0.000792	0.00079	0.000788	0.000786	0.000784	0.000782	0.00078	0.000778	0.000776	0.000774	0.000772	0.00077	0.000767	0.000765	0.000763	0.00076	0.000758	0.000756	0.000753	2e-06	2e-06	2e-06	2e-06	2e-06	2e-06	2e-06	2e-06	2e-06	2e-06	2e-06	2e-06	2e-06	2e-06	2e-06	2e-06	2e-06	2e-06	2e-06	2e-06	2e-06	2e-06	2e-06	2e-06
P30902	Oxidative Phosphorylation	0.018636	0.018114	0.017809	0.017499	0.017248	0.017042	0.016985	0.016948	0.016918	0.016895	0.016876	0.016861	0.016848	0.016837	0.016829	0.016822	0.016816	0.016811	0.016807	0.016804	0.016801	0.016799	0.016798	0.016797	0.016796	0.016796	0.016796	0.016796	0.016797	0.016797	0.016798	0.016799	0.0168	0.016802	0.016803	0.016805	0.016806	0.016808	0.01681	0.016812	0.016814	0.016816	0.016818	0.01682	0.016823	0.016825	0.016827	0.016829	0.016832	0.016834	0.016837	0.016839	0.016842	0.016844	0.016847	0.016849	0.016852	0.016839	0.016523	0.016198	0.015798	0.0154	0.015004	0.014611	0.01422	0.013831	0.013444	0.01306	0.012679	0.012299	0.011922	0.011547	0.011175	0.010805	0.010437	0.010072	0.009709	0.009348	0.00899	0.008633	0.00828
P30952	Anaplerotic reactions 	0	0.00026	5.9e-05	0.00016	0.000241	0.000383	0.000432	0.000457	0.000476	0.000491	0.000504	0.000514	0.000522	0.000529	0.000535	0.000539	0.000543	0.000546	0.000549	0.000551	0.000553	0.000554	0.000555	0.000556	0.000556	0.000556	0.000557	0.000556	0.000556	0.000556	0.000555	0.000555	0.000554	0.000553	0.000552	0.000551	0.00055	0.000549	0.000548	0.000546	0.000545	0.000544	0.000543	0.000541	0.00054	0.000538	0.000537	0.000535	0.000534	0.000532	0.000531	0.000529	0.000528	0.000526	0.000524	0.000523	0.000521	2e-06	1e-06	1e-06	1e-06	1e-06	1e-06	1e-06	1e-06	1e-06	1e-06	1e-06	1e-06	1e-06	1e-06	1e-06	1e-06	1e-06	1e-06	1e-06	1e-06	1e-06	1e-06	1e-06	1e-06
P32327	TCA	0	0	0	0	0	0	0	0	0	0	0	0	0	0	0	0	0	0	0	0	0	0	0	0	0	0	0	0	0	0	0	0	0	0	0	0	0	0	0	0	0	0	0	0	0	0	0	0	0	0	0	0	0	0	0	0	0	0	0	0	0	0	0	0	0	0	0	0	0	0	0	0	0	0	0	0	0	0	0	0	0
P32340	Oxidative Phosphorylation	0.001391	0.005667	0.006845	0.007394	0.007844	0.008217	0.00863	0.008964	0.009234	0.009457	0.009644	0.009804	0.009942	0.010062	0.010167	0.01026	0.010344	0.010419	0.010487	0.010548	0.010604	0.010656	0.010703	0.010747	0.010787	0.010825	0.01086	0.010893	0.010923	0.010952	0.010979	0.011004	0.011029	0.011051	0.011073	0.011093	0.011113	0.011131	0.011149	0.011166	0.011182	0.011197	0.011212	0.011226	0.01124	0.011253	0.011268	0.011282	0.011296	0.011309	0.011322	0.011334	0.011346	0.011357	0.011368	0.011379	0.01139	0.011414	0.011239	0.011032	0.010775	0.010519	0.010265	0.010012	0.009761	0.009512	0.009264	0.009017	0.008772	0.008529	0.008287	0.008047	0.007808	0.007571	0.007336	0.007105	0.006876	0.006648	0.006422	0.006197	0.005973
P32473	Other	1e-05	1e-06	0.004165	0.010448	0.015572	0.019595	0.019635	0.019619	0.019606	0.019595	0.019587	0.01958	0.019574	0.01957	0.019566	0.019563	0.01956	0.019558	0.019557	0.019555	0.019554	0.019553	0.019553	0.019552	0.019552	0.019552	0.019552	0.019552	0.019552	0.019553	0.019553	0.019554	0.019554	0.019555	0.019555	0.019556	0.019557	0.019558	0.019559	0.01956	0.01956	0.019561	0.019562	0.019563	0.019564	0.019566	0.019567	0.019568	0.019569	0.01957	0.019571	0.019572	0.019573	0.019574	0.019576	0.019577	0.019578	0.019074	0.018306	0.017951	0.017512	0.017076	0.016642	0.01621	0.015781	0.015355	0.014932	0.014511	0.014092	0.013677	0.013263	0.012853	0.012445	0.01204	0.011637	0.011237	0.01084	0.010445	0.010053	0.009663	0.009276
P32799	Oxidative Phosphorylation	0.005197	0.005204	0.005199	0.005187	0.005177	0.005168	0.005152	0.005141	0.005132	0.005125	0.00512	0.005115	0.005111	0.005108	0.005106	0.005104	0.005102	0.005101	0.005099	0.005098	0.005098	0.005097	0.005097	0.005096	0.005096	0.005096	0.005096	0.005096	0.005096	0.005096	0.005097	0.005097	0.005097	0.005098	0.005098	0.005099	0.005099	0.0051	0.0051	0.005101	0.005101	0.005102	0.005103	0.005103	0.005104	0.005105	0.005105	0.005106	0.005107	0.005107	0.005108	0.005109	0.00511	0.00511	0.005111	0.005112	0.005113	0.005102	0.004997	0.004899	0.004778	0.004657	0.004537	0.004418	0.0043	0.004182	0.004066	0.003949	0.003834	0.003719	0.003605	0.003492	0.003379	0.003267	0.003156	0.003045	0.002935	0.002826	0.002718	0.00261	0.002503
P33315	pentose phosphate // pentose phosphate // pentose phosphate // pentose phosphate	0	0	0	0	0	0	0	0	0	0	0	0	0	0	0	0	0	0	0	0	0	0	0	0	0	0	0	0	0	0	0	0	0	0	0	0	0	0	0	0	0	0	0	0	0	0	0	0	0	0	0	0	0	0	0	0	0	0	0	0	0	0	0	0	0	0	0	0	0	0	0	0	0	0	0	0	0	0	0	0	0
P33401	Galactose metabolism // Galactose metabolism	0	0	0	0	0	0	0	0	0	0	0	0	0	0	0	0	0	0	0	0	0	0	0	0	0	0	0	0	0	0	0	0	0	0	0	0	0	0	0	0	0	0	0	0	0	0	0	0	0	0	0	0	0	0	0	0	0	0	0	0	0	0	0	0	0	0	0	0	0	0	0	0	0	0	0	0	0	0	0	0	0
P33421	TCA // TCA	0.000407	0.001651	0.001842	0.001779	0.001727	0.001694	0.001678	0.001661	0.001648	0.001638	0.001629	0.001622	0.001617	0.001612	0.001608	0.001605	0.001602	0.0016	0.001598	0.001597	0.001596	0.001595	0.001594	0.001594	0.001593	0.001593	0.001593	0.001593	0.001593	0.001594	0.001594	0.001594	0.001595	0.001596	0.001596	0.001597	0.001598	0.001598	0.001599	0.0016	0.001601	0.001602	0.001603	0.001604	0.001605	0.001606	0.001607	0.001608	0.001609	0.00161	0.001611	0.001612	0.001613	0.001614	0.001615	0.001616	0.001617	0.001578	0.001491	0.001446	0.001393	0.00134	0.001287	0.001235	0.001183	0.001131	0.001079	0.001028	0.000976	0.000926	0.000875	0.000825	0.000775	0.000725	0.000676	0.000626	0.000578	0.000529	0.000481	0.000432	0.000385
P37012	Galactose metabolism // Galactose metabolism	0	0	0	0	0	0	0	0	0	0	0	0	0	0	0	0	0	0	0	0	0	0	0	0	0	0	0	0	0	0	0	0	0	0	0	0	0	0	0	0	0	0	0	0	0	0	0	0	0	0	0	0	0	0	0	0	0	0	0	0	0	0	0	0	0	0	0	0	0	0	0	0	0	0	0	0	0	0	0	0	0
P37298	TCA // TCA	0.000373	0.001515	0.00169	0.001632	0.001585	0.001554	0.001539	0.001524	0.001512	0.001503	0.001495	0.001488	0.001483	0.001479	0.001475	0.001473	0.00147	0.001468	0.001466	0.001465	0.001464	0.001463	0.001463	0.001462	0.001462	0.001462	0.001462	0.001462	0.001462	0.001462	0.001463	0.001463	0.001464	0.001464	0.001465	0.001465	0.001466	0.001467	0.001467	0.001468	0.001469	0.00147	0.001471	0.001471	0.001472	0.001473	0.001474	0.001475	0.001476	0.001477	0.001478	0.001479	0.00148	0.001481	0.001482	0.001483	0.001484	0.001448	0.001368	0.001327	0.001278	0.001229	0.001181	0.001133	0.001085	0.001037	0.00099	0.000943	0.000896	0.000849	0.000803	0.000757	0.000711	0.000665	0.00062	0.000575	0.00053	0.000485	0.000441	0.000397	0.000353
P37299	Oxidative Phosphorylation	0.009371	0.009384	0.009376	0.009354	0.009336	0.009319	0.009291	0.009271	0.009255	0.009243	0.009233	0.009224	0.009217	0.009212	0.009207	0.009203	0.0092	0.009198	0.009196	0.009194	0.009192	0.009191	0.009191	0.00919	0.00919	0.00919	0.00919	0.00919	0.00919	0.00919	0.009191	0.009191	0.009192	0.009193	0.009193	0.009194	0.009195	0.009196	0.009197	0.009198	0.009199	0.0092	0.009202	0.009203	0.009204	0.009205	0.009206	0.009208	0.009209	0.00921	0.009211	0.009213	0.009214	0.009215	0.009217	0.009218	0.00922	0.009201	0.009011	0.008834	0.008615	0.008398	0.008182	0.007968	0.007754	0.007542	0.007331	0.007122	0.006914	0.006707	0.006501	0.006296	0.006093	0.005891	0.005691	0.005491	0.005293	0.005096	0.004901	0.004707	0.004514
P38077	Oxidative Phosphorylation	0.032315	0.03141	0.030881	0.030345	0.029909	0.029551	0.029453	0.029388	0.029337	0.029296	0.029264	0.029237	0.029215	0.029197	0.029182	0.029169	0.029159	0.029151	0.029144	0.029138	0.029134	0.029131	0.029128	0.029126	0.029125	0.029125	0.029125	0.029125	0.029126	0.029127	0.029128	0.02913	0.029132	0.029135	0.029137	0.02914	0.029143	0.029146	0.029149	0.029153	0.029156	0.02916	0.029163	0.029167	0.029171	0.029175	0.029179	0.029183	0.029187	0.029191	0.029195	0.0292	0.029204	0.029208	0.029213	0.029217	0.029222	0.029199	0.028651	0.028088	0.027394	0.026704	0.026018	0.025335	0.024657	0.023983	0.023313	0.022647	0.021985	0.021327	0.020673	0.020024	0.019378	0.018736	0.018098	0.017465	0.016835	0.01621	0.015588	0.014971	0.014357
P38113	Anaerobic excretion // Anaerobic excretion	0	0	0	0	0	0	0	0	0	0	0	0	0	0	0	0	0	0	0	0	0	0	0	0	0	0	0	0	0	0	0	0	0	0	0	0	0	0	0	0	0	0	0	0	0	0	0	0	0	0	0	0	0	0	0	0	0	0	0	0	0	0	0	0	0	0	0	0	0	0	0	0	0	0	0	0	0	0	0	0	0
P38720	pentose phosphate	0	0.002612	0.00405	0.005445	0.006572	0.007121	0.007216	0.007498	0.00772	0.007896	0.008039	0.008155	0.008251	0.008329	0.008395	0.008449	0.008493	0.00853	0.00856	0.008585	0.008604	0.00862	0.008631	0.008639	0.008645	0.008648	0.008648	0.008647	0.008644	0.008639	0.008633	0.008626	0.008617	0.008607	0.008597	0.008585	0.008573	0.00856	0.008547	0.008533	0.008518	0.008503	0.008487	0.008471	0.008455	0.008439	0.008422	0.008404	0.008387	0.008369	0.008351	0.008333	0.008315	0.008297	0.008278	0.00826	0.008241	0.006838	0.005208	0.005353	0.005498	0.005644	0.005789	0.005935	0.00608	0.006226	0.006371	0.006516	0.006662	0.006807	0.006953	0.007098	0.007243	0.007389	0.007534	0.00768	0.007825	0.007971	0.008116	0.008261	0.008407
P38824	Oxidative Phosphorylation	0	0	0	0	0	0	0	0	0	0	0	0	0	0	0	0	0	0	0	0	0	0	0	0	0	0	0	0	0	0	0	0	0	0	0	0	0	0	0	0	0	0	0	0	0	0	0	0	0	0	0	0	0	0	0	0	0	0	0	0	0	0	0	0	0	0	0	0	0	0	0	0	0	0	0	0	0	0	0	0	0
P38858	pentose phosphate	0	0.005013	0.007772	0.010449	0.012612	0.013676	0.013868	0.014411	0.014836	0.015175	0.015449	0.015673	0.015856	0.016008	0.016133	0.016237	0.016323	0.016394	0.016452	0.016499	0.016536	0.016565	0.016587	0.016603	0.016614	0.016619	0.016621	0.016618	0.016612	0.016603	0.016591	0.016577	0.01656	0.016542	0.016521	0.0165	0.016476	0.016451	0.016425	0.016398	0.01637	0.016341	0.016311	0.016281	0.016249	0.016217	0.016185	0.016152	0.016118	0.016084	0.01605	0.016015	0.01598	0.015945	0.015909	0.015874	0.015838	0.013189	0.010114	0.010394	0.010673	0.010953	0.011232	0.011512	0.011791	0.012071	0.01235	0.01263	0.012909	0.013189	0.013468	0.013747	0.014027	0.014306	0.014586	0.014865	0.015145	0.015424	0.015704	0.015983	0.016263
P40047	Phenylalanine, tyrosine, and tryptophan biosynthesis (aromatic amino acids)	0.064929	0.03197	0.020416	0.012487	0.006021	0.00047	0	0	0	0	0	0	0	0	0	0	0	0	0	0	0	0	0	0	0	0	0	0	0	0	0	0	0	0	0	0	0	0	0	0	0	0	0	0	0	0	0	0	0	0	0	0	0	0	0	0	0	0	0	0	0	0	0	0	0	0	0	0	0	0	0	0	0	0	0	0	0	0	0	0	0
P40106	Anaerobic excretion	0	0	0	0	0	0	0	0	0	0	0	0	0	0	0	0	0	0	0	0	0	0	0	0	0	0	0	0	0	0	0	0	0	0	0	0	0	0	0	0	0	0	0	0	0	0	0	0	0	0	0	0	0	0	0	0	0	0	0	0	0	0	0	0	0	0	0	0	0	0	0	0	0	0	0	0	0	0	0	0	0
P40215	Oxidative Phosphorylation	0.013028	0.006809	0.005264	0.004706	0.004249	0.003854	0.003376	0.002998	0.002693	0.002442	0.002231	0.002051	0.001896	0.001762	0.001643	0.001539	0.001445	0.001362	0.001286	0.001218	0.001155	0.001098	0.001046	0.000998	0.000953	0.000912	0.000874	0.000838	0.000805	0.000773	0.000744	0.000716	0.00069	0.000666	0.000643	0.000621	0.0006	0.00058	0.000561	0.000544	0.000527	0.00051	0.000495	0.00048	0.000466	0.000452	0.000437	0.000422	0.000408	0.000394	0.000381	0.000368	0.000356	0.000344	0.000332	0.000321	0.000311	0.000303	0.000299	0.000297	0.000294	0.000292	0.000289	0.000287	0.000284	0.000281	0.000279	0.000277	0.000274	0.000272	0.000269	0.000267	0.000265	0.000262	0.000259	0.000253	0.000247	0.000242	0.000236	0.00023	0.000225
P41277	Anaerobic excretion	0	0	0	0	0	0	0	0	0	0	0	0	0	0	0	0	0	0	0	0	0	0	0	0	0	0	0	0	0	0	0	0	0	0	0	0	0	0	0	0	0	0	0	0	0	0	0	0	0	0	0	0	0	0	0	0	0	0	0	0	0	0	0	0	0	0	0	0	0	0	0	0	0	0	0	0	0	0	0	0	0
P41911	Anaerobic excretion	0	0	0	0	0	0	0	0	0	0	0	0	0	0	0	0	0	0	0	0	0	0	0	0	0	0	0	0	0	0	0	0	0	0	0	0	0	0	0	0	0	0	0	0	0	0	0	0	0	0	0	0	0	0	0	0	0	0	0	0	0	0	0	0	0	0	0	0	0	0	0	0	0	0	0	0	0	0	0	0	0
P42222	Glycolysis // Glycolysis	0.010674	0.005826	0.005153	0.005501	0.005782	0.006021	0.006127	0.006199	0.006255	0.006299	0.006335	0.006365	0.006389	0.006409	0.006425	0.006439	0.00645	0.00646	0.006467	0.006473	0.006478	0.006482	0.006485	0.006487	0.006489	0.006489	0.00649	0.006489	0.006489	0.006487	0.006486	0.006484	0.006482	0.006479	0.006477	0.006474	0.006471	0.006468	0.006464	0.006461	0.006457	0.006453	0.006449	0.006445	0.006441	0.006437	0.006433	0.006428	0.006424	0.006419	0.006415	0.00641	0.006406	0.006401	0.006396	0.006392	0.006387	0.00673	0.007919	0.008766	0.009815	0.010858	0.011894	0.012924	0.013948	0.014966	0.015978	0.016983	0.017983	0.018976	0.019963	0.020943	0.021918	0.022886	0.023848	0.024804	0.025754	0.026697	0.027634	0.028566	0.02949
P43635	TCA	0	0	0	0	0	0	0	0	0	0	0	0	0	0	0	0	0	0	0	0	0	0	0	0	0	0	0	0	0	0	0	0	0	0	0	0	0	0	0	0	0	0	0	0	0	0	0	0	0	0	0	0	0	0	0	0	0	0	0	0	0	0	0	0	0	0	0	0	0	0	0	0	0	0	0	0	0	0	0	0	0
P46367	Phenylalanine, tyrosine, and tryptophan biosynthesis (aromatic amino acids)	0	0	0	0	0	0	0	0	0	0	0	0	0	0	0	0	0	0	0	0	0	0	0	0	0	0	0	0	0	0	0	0	0	0	0	0	0	0	0	0	0	0	0	0	0	0	0	0	0	0	0	0	0	0	0	0	0	0	0	0	0	0	0	0	0	0	0	0	0	0	0	0	0	0	0	0	0	0	0	0	0
P46969	pentose phosphate // pentose phosphate	0	0.000233	0.000361	0.000485	0.000585	0.000629	0.000633	0.000658	0.000677	0.000693	0.000705	0.000715	0.000724	0.000731	0.000736	0.000741	0.000745	0.000748	0.000751	0.000753	0.000755	0.000756	0.000757	0.000758	0.000758	0.000759	0.000759	0.000759	0.000758	0.000758	0.000757	0.000757	0.000756	0.000755	0.000754	0.000753	0.000752	0.000751	0.00075	0.000749	0.000747	0.000746	0.000745	0.000743	0.000742	0.00074	0.000739	0.000737	0.000736	0.000734	0.000733	0.000731	0.00073	0.000728	0.000726	0.000725	0.000723	0.000577	0.000405	0.000418	0.000431	0.000444	0.000456	0.000469	0.000482	0.000495	0.000507	0.00052	0.000533	0.000546	0.000559	0.000571	0.000584	0.000597	0.00061	0.000622	0.000635	0.000648	0.000661	0.000673	0.000686
P47052	TCA	0	0	0	0	0	0	0	0	0	0	0	0	0	0	0	0	0	0	0	0	0	0	0	0	0	0	0	0	0	0	0	0	0	0	0	0	0	0	0	0	0	0	0	0	0	0	0	0	0	0	0	0	0	0	0	0	0	0	0	0	0	0	0	0	0	0	0	0	0	0	0	0	0	0	0	0	0	0	0	0	0
P47081	Oxidative Phosphorylation	0	0	0	0	0	0	0	0	0	0	0	0	0	0	0	0	0	0	0	0	0	0	0	0	0	0	0	0	0	0	0	0	0	0	0	0	0	0	0	0	0	0	0	0	0	0	0	0	0	0	0	0	0	0	0	0	0	0	0	0	0	0	0	0	0	0	0	0	0	0	0	0	0	0	0	0	0	0	0	0	0
P47771	Phenylalanine, tyrosine, and tryptophan biosynthesis (aromatic amino acids)	0	0	0	0	0	0	0	0	0	0	0	0	0	0	0	0	0	0	0	0	0	0	0	0	0	0	0	0	0	0	0	0	0	0	0	0	0	0	0	0	0	0	0	0	0	0	0	0	0	0	0	0	0	0	0	0	0	0	0	0	0	0	0	0	0	0	0	0	0	0	0	0	0	0	0	0	0	0	0	0	0
P52489	Glycolysis	0	0	0	0	0	0	0	0	0	0	0	0	0	0	0	0	0	0	0	0	0	0	0	0	0	0	0	0	0	0	0	0	0	0	0	0	0	0	0	0	0	0	0	0	0	0	0	0	0	0	0	0	0	0	0	0	0	0	0	0	0	0	0	0	0	0	0	0	0	0	0	0	0	0	0	0	0	0	0	0	0
P52910	Other	0.004881	0.021753	0.019735	0.012071	0.00582	0.00103	0.001086	0.001129	0.001162	0.001188	0.00121	0.001227	0.001242	0.001254	0.001263	0.001272	0.001278	0.001284	0.001288	0.001292	0.001295	0.001297	0.001299	0.0013	0.001301	0.001302	0.001302	0.001301	0.001301	0.0013	0.001299	0.001298	0.001297	0.001295	0.001294	0.001292	0.00129	0.001288	0.001286	0.001284	0.001282	0.00128	0.001277	0.001275	0.001273	0.00127	0.001267	0.001265	0.001262	0.00126	0.001257	0.001254	0.001251	0.001249	0.001246	0.001243	0.00124	0.001247	0.001269	0.001291	0.001313	0.001335	0.001357	0.001379	0.001401	0.001422	0.001444	0.001466	0.001488	0.00151	0.001532	0.001554	0.001576	0.001598	0.001619	0.001641	0.001663	0.001685	0.001707	0.001729	0.001751
P53239	Oxidative Phosphorylation	0	0	0	0	0	0	0	0	0	0	0	0	0	0	0	0	0	0	0	0	0	0	0	0	0	0	0	0	0	0	0	0	0	0	0	0	0	0	0	0	0	0	0	0	0	0	0	0	0	0	0	0	0	0	0	0	0	0	0	0	0	0	0	0	0	0	0	0	0	0	0	0	0	0	0	0	0	0	0	0	0
P53312	TCA	0.000944	0.00381	0.004268	0.004113	0.003989	0.0039	0.00386	0.003819	0.003787	0.003762	0.003742	0.003725	0.003711	0.0037	0.003691	0.003683	0.003676	0.003671	0.003667	0.003663	0.003661	0.003658	0.003657	0.003656	0.003655	0.003654	0.003654	0.003655	0.003655	0.003656	0.003657	0.003658	0.003659	0.00366	0.003662	0.003664	0.003665	0.003667	0.003669	0.003671	0.003673	0.003676	0.003678	0.00368	0.003682	0.003685	0.003687	0.00369	0.003692	0.003695	0.003697	0.0037	0.003703	0.003705	0.003708	0.003711	0.003713	0.00366	0.003456	0.003353	0.00323	0.003107	0.002985	0.002863	0.002742	0.002622	0.002502	0.002383	0.002264	0.002146	0.002029	0.001912	0.001797	0.001681	0.001567	0.001452	0.001339	0.001226	0.001114	0.001003	0.000892
P53315	pentose phosphate	0	0	0	0	0	0	0	0	0	0	0	0	0	0	0	0	0	0	0	0	0	0	0	0	0	0	0	0	0	0	0	0	0	0	0	0	0	0	0	0	0	0	0	0	0	0	0	0	0	0	0	0	0	0	0	0	0	0	0	0	0	0	0	0	0	0	0	0	0	0	0	0	0	0	0	0	0	0	0	0	0
P53319	pentose phosphate	0	0	0	0	0	0	0	0	0	0	0	0	0	0	0	0	0	0	0	0	0	0	0	0	0	0	0	0	0	0	0	0	0	0	0	0	0	0	0	0	0	0	0	0	0	0	0	0	0	0	0	0	0	0	0	0	0	0	0	0	0	0	0	0	0	0	0	0	0	0	0	0	0	0	0	0	0	0	0	0	0
P53598	TCA	0.000705	0.002846	0.003188	0.003072	0.002979	0.002913	0.002883	0.002853	0.002829	0.00281	0.002795	0.002782	0.002772	0.002764	0.002757	0.002751	0.002746	0.002742	0.002739	0.002736	0.002734	0.002733	0.002731	0.002731	0.00273	0.00273	0.00273	0.00273	0.00273	0.002731	0.002731	0.002732	0.002733	0.002734	0.002735	0.002737	0.002738	0.002739	0.002741	0.002742	0.002744	0.002745	0.002747	0.002749	0.002751	0.002752	0.002754	0.002756	0.002758	0.00276	0.002762	0.002764	0.002766	0.002768	0.00277	0.002772	0.002774	0.002734	0.002582	0.002505	0.002413	0.002321	0.002229	0.002138	0.002048	0.001958	0.001869	0.00178	0.001691	0.001603	0.001516	0.001429	0.001342	0.001256	0.00117	0.001085	0.001	0.000916	0.000832	0.000749	0.000666
P54115	Anaerobic excretion	0	0	0	0	0	0.001178	0.002221	0.002307	0.002375	0.00243	0.002474	0.002509	0.002539	0.002563	0.002583	0.0026	0.002614	0.002625	0.002634	0.002642	0.002648	0.002652	0.002656	0.002658	0.00266	0.002661	0.002661	0.002661	0.00266	0.002658	0.002656	0.002654	0.002651	0.002649	0.002645	0.002642	0.002638	0.002634	0.00263	0.002626	0.002621	0.002616	0.002612	0.002607	0.002602	0.002597	0.002591	0.002586	0.002581	0.002575	0.00257	0.002564	0.002559	0.002553	0.002547	0.002542	0.002536	0.007428	0.013443	0.013488	0.013533	0.013577	0.013622	0.013667	0.013712	0.013756	0.013801	0.013846	0.013891	0.013935	0.01398	0.014025	0.01407	0.014115	0.014159	0.014204	0.014249	0.014294	0.014338	0.014383	0.014428
P61829	Oxidative Phosphorylation	0.0073	0.007095	0.006976	0.006855	0.006756	0.006675	0.006653	0.006639	0.006627	0.006618	0.00661	0.006604	0.006599	0.006595	0.006592	0.006589	0.006587	0.006585	0.006583	0.006582	0.006581	0.00658	0.00658	0.006579	0.006579	0.006579	0.006579	0.006579	0.006579	0.00658	0.00658	0.00658	0.006581	0.006581	0.006582	0.006582	0.006583	0.006584	0.006585	0.006585	0.006586	0.006587	0.006588	0.006589	0.006589	0.00659	0.006591	0.006592	0.006593	0.006594	0.006595	0.006596	0.006597	0.006598	0.006599	0.0066	0.006601	0.006596	0.006472	0.006345	0.006188	0.006032	0.005877	0.005723	0.00557	0.005418	0.005266	0.005116	0.004966	0.004818	0.00467	0.004523	0.004377	0.004232	0.004088	0.003945	0.003803	0.003662	0.003521	0.003382	0.003243
P81449	Oxidative Phosphorylation	0.010231	0.009944	0.009777	0.009607	0.009469	0.009356	0.009325	0.009304	0.009288	0.009275	0.009265	0.009256	0.009249	0.009244	0.009239	0.009235	0.009232	0.009229	0.009227	0.009225	0.009224	0.009223	0.009222	0.009221	0.009221	0.009221	0.009221	0.009221	0.009221	0.009222	0.009222	0.009223	0.009223	0.009224	0.009225	0.009226	0.009227	0.009228	0.009229	0.00923	0.009231	0.009232	0.009233	0.009234	0.009236	0.009237	0.009238	0.009239	0.009241	0.009242	0.009243	0.009245	0.009246	0.009247	0.009249	0.00925	0.009252	0.009244	0.009071	0.008893	0.008673	0.008454	0.008237	0.008021	0.007807	0.007593	0.007381	0.00717	0.006961	0.006752	0.006545	0.006339	0.006135	0.005932	0.00573	0.005529	0.00533	0.005132	0.004935	0.00474	0.004546
P81450	Oxidative Phosphorylation	0.006291	0.006115	0.006012	0.005908	0.005823	0.005753	0.005734	0.005722	0.005712	0.005704	0.005697	0.005692	0.005688	0.005684	0.005681	0.005679	0.005677	0.005675	0.005674	0.005673	0.005672	0.005671	0.005671	0.005671	0.00567	0.00567	0.00567	0.00567	0.005671	0.005671	0.005671	0.005671	0.005672	0.005672	0.005673	0.005673	0.005674	0.005674	0.005675	0.005676	0.005676	0.005677	0.005678	0.005679	0.005679	0.00568	0.005681	0.005682	0.005682	0.005683	0.005684	0.005685	0.005686	0.005687	0.005687	0.005688	0.005689	0.005685	0.005578	0.005469	0.005333	0.005199	0.005065	0.004933	0.004801	0.004669	0.004539	0.004409	0.00428	0.004152	0.004025	0.003898	0.003773	0.003648	0.003524	0.0034	0.003278	0.003156	0.003035	0.002915	0.002795
P81451	Oxidative Phosphorylation	0.007087	0.006889	0.006773	0.006655	0.00656	0.006481	0.00646	0.006445	0.006434	0.006425	0.006418	0.006412	0.006407	0.006403	0.0064	0.006397	0.006395	0.006393	0.006392	0.006391	0.00639	0.006389	0.006388	0.006388	0.006388	0.006388	0.006388	0.006388	0.006388	0.006388	0.006388	0.006389	0.006389	0.00639	0.00639	0.006391	0.006392	0.006392	0.006393	0.006394	0.006394	0.006395	0.006396	0.006397	0.006398	0.006399	0.006399	0.0064	0.006401	0.006402	0.006403	0.006404	0.006405	0.006406	0.006407	0.006408	0.006409	0.006404	0.006284	0.00616	0.006008	0.005857	0.005706	0.005557	0.005408	0.00526	0.005113	0.004967	0.004822	0.004677	0.004534	0.004392	0.00425	0.004109	0.003969	0.00383	0.003692	0.003555	0.003419	0.003283	0.003149
Q00055	Anaerobic excretion	0	0	0	0	0	0	0	0	0	0	0	0	0	0	0	0	0	0	0	0	0	0	0	0	0	0	0	0	0	0	0	0	0	0	0	0	0	0	0	0	0	0	0	0	0	0	0	0	0	0	0	0	0	0	0	0	0	0	0	0	0	0	0	0	0	0	0	0	0	0	0	0	0	0	0	0	0	0	0	0	0
Q00711	TCA	0.001295	0.005254	0.005863	0.005661	0.005498	0.00539	0.005339	0.005286	0.005245	0.005211	0.005184	0.005163	0.005145	0.00513	0.005117	0.005107	0.005099	0.005092	0.005086	0.005082	0.005078	0.005075	0.005073	0.005072	0.005071	0.00507	0.00507	0.00507	0.005071	0.005072	0.005073	0.005074	0.005076	0.005078	0.00508	0.005082	0.005084	0.005087	0.005089	0.005092	0.005095	0.005098	0.005101	0.005104	0.005107	0.00511	0.005113	0.005116	0.00512	0.005123	0.005126	0.00513	0.005133	0.005137	0.00514	0.005144	0.005147	0.005023	0.004744	0.004602	0.004433	0.004264	0.004096	0.003929	0.003763	0.003598	0.003434	0.00327	0.003108	0.002946	0.002785	0.002625	0.002466	0.002307	0.00215	0.001994	0.001838	0.001683	0.001529	0.001376	0.001224
Q01519	Oxidative Phosphorylation	0.003386	0.003391	0.003388	0.00338	0.003374	0.003367	0.003357	0.00335	0.003344	0.00334	0.003336	0.003333	0.003331	0.003329	0.003327	0.003326	0.003324	0.003324	0.003323	0.003322	0.003322	0.003321	0.003321	0.003321	0.003321	0.003321	0.003321	0.003321	0.003321	0.003321	0.003321	0.003321	0.003321	0.003322	0.003322	0.003322	0.003323	0.003323	0.003323	0.003324	0.003324	0.003325	0.003325	0.003325	0.003326	0.003326	0.003327	0.003327	0.003328	0.003328	0.003329	0.003329	0.003329	0.00333	0.00333	0.003331	0.003331	0.003325	0.003256	0.003192	0.003113	0.003035	0.002957	0.002879	0.002802	0.002725	0.002649	0.002573	0.002498	0.002423	0.002349	0.002275	0.002202	0.002129	0.002056	0.001984	0.001913	0.001842	0.001771	0.001701	0.001631
Q01574	Other	0	0	0	0	0	0	0	0	0	0	0	0	0	0	0	0	0	0	0	0	0	0	0	0	0	0	0	0	0	0	0	0	0	0	0	0	0	0	0	0	0	0	0	0	0	0	0	0	0	0	0	0	0	0	0	0	0	0	0	0	0	0	0	0	0	0	0	0	0	0	0	0	0	0	0	0	0	0	0	0	0
Q04458	Phenylalanine, tyrosine, and tryptophan biosynthesis (aromatic amino acids)	0	0	0	0	0	0	0	0	0	0	0	0	0	0	0	0	0	0	0	0	0	0	0	0	0	0	0	0	0	0	0	0	0	0	0	0	0	0	0	0	0	0	0	0	0	0	0	0	0	0	0	0	0	0	0	0	0	0	0	0	0	0	0	0	0	0	0	0	0	0	0	0	0	0	0	0	0	0	0	0	0
Q04935	Oxidative Phosphorylation	0	0	0	0	0	0	0	0	0	0	0	0	0	0	0	0	0	0	0	0	0	0	0	0	0	0	0	0	0	0	0	0	0	0	0	0	0	0	0	0	0	0	0	0	0	0	0	0	0	0	0	0	0	0	0	0	0	0	0	0	0	0	0	0	0	0	0	0	0	0	0	0	0	0	0	0	0	0	0	0	0
Q06204	Glycolysis	0	0	0	0	0	0	0	0	0	0	0	0	0	0	0	0	0	0	0	0	0	0	0	0	0	0	0	0	0	0	0	0	0	0	0	0	0	0	0	0	0	0	0	0	0	0	0	0	0	0	0	0	0	0	0	0	0	0	0	0	0	0	0	0	0	0	0	0	0	0	0	0	0	0	0	0	0	0	0	0	0
Q06405	Oxidative Phosphorylation	0.010642	0.010344	0.01017	0.009993	0.009849	0.009732	0.009699	0.009678	0.009661	0.009648	0.009637	0.009628	0.009621	0.009615	0.00961	0.009606	0.009603	0.0096	0.009598	0.009596	0.009594	0.009593	0.009592	0.009592	0.009591	0.009591	0.009591	0.009591	0.009592	0.009592	0.009592	0.009593	0.009594	0.009594	0.009595	0.009596	0.009597	0.009598	0.009599	0.0096	0.009601	0.009603	0.009604	0.009605	0.009606	0.009608	0.009609	0.00961	0.009612	0.009613	0.009614	0.009616	0.009617	0.009619	0.00962	0.009622	0.009623	0.009616	0.009435	0.00925	0.009021	0.008794	0.008568	0.008343	0.00812	0.007898	0.007677	0.007458	0.00724	0.007023	0.006808	0.006594	0.006381	0.00617	0.00596	0.005751	0.005544	0.005338	0.005133	0.00493	0.004728
Q07500	Oxidative Phosphorylation	0	0	0	0	0	0	0	0	0	0	0	0	0	0	0	0	0	0	0	0	0	0	0	0	0	0	0	0	0	0	0	0	0	0	0	0	0	0	0	0	0	0	0	0	0	0	0	0	0	0	0	0	0	0	0	0	0	0	0	0	0	0	0	0	0	0	0	0	0	0	0	0	0	0	0	0	0	0	0	0	0
Q12055	Salvage pathways // Salvage pathways	0.001834	0.008172	0.007414	0.004535	0.002186	0.000387	0.000408	0.000424	0.000436	0.000446	0.000454	0.000461	0.000466	0.000471	0.000475	0.000478	0.00048	0.000482	0.000484	0.000485	0.000486	0.000487	0.000488	0.000488	0.000489	0.000489	0.000489	0.000489	0.000489	0.000488	0.000488	0.000488	0.000487	0.000487	0.000486	0.000485	0.000485	0.000484	0.000483	0.000482	0.000482	0.000481	0.00048	0.000479	0.000478	0.000477	0.000476	0.000475	0.000474	0.000473	0.000472	0.000471	0.00047	0.000469	0.000468	0.000467	0.000466	0.000469	0.000477	0.000485	0.000493	0.000501	0.00051	0.000518	0.000526	0.000534	0.000543	0.000551	0.000559	0.000567	0.000575	0.000584	0.000592	0.0006	0.000608	0.000617	0.000625	0.000633	0.000641	0.000649	0.000658
Q12165	Oxidative Phosphorylation	0.016012	0.015563	0.015301	0.015036	0.01482	0.014642	0.014594	0.014562	0.014536	0.014516	0.0145	0.014487	0.014476	0.014467	0.014459	0.014453	0.014448	0.014444	0.014441	0.014438	0.014436	0.014434	0.014433	0.014432	0.014431	0.014431	0.014431	0.014431	0.014432	0.014432	0.014433	0.014434	0.014435	0.014436	0.014437	0.014439	0.01444	0.014442	0.014443	0.014445	0.014447	0.014448	0.01445	0.014452	0.014454	0.014456	0.014458	0.01446	0.014462	0.014464	0.014466	0.014468	0.01447	0.014472	0.014475	0.014477	0.014479	0.014468	0.014196	0.013918	0.013573	0.013231	0.012891	0.012553	0.012217	0.011883	0.011551	0.011221	0.010893	0.010567	0.010243	0.009921	0.009602	0.009284	0.008968	0.008654	0.008342	0.008032	0.007724	0.007418	0.007114
Q12189	pentose phosphate // pentose phosphate	0	0.002234	0.003463	0.004656	0.00562	0.006155	0.006295	0.006541	0.006734	0.006888	0.007012	0.007114	0.007197	0.007266	0.007323	0.00737	0.007409	0.007441	0.007467	0.007489	0.007506	0.007519	0.007529	0.007536	0.007541	0.007544	0.007544	0.007543	0.00754	0.007536	0.007531	0.007524	0.007517	0.007508	0.007499	0.007489	0.007479	0.007467	0.007456	0.007443	0.00743	0.007417	0.007404	0.00739	0.007376	0.007361	0.007346	0.007331	0.007316	0.007301	0.007285	0.007269	0.007253	0.007237	0.007221	0.007205	0.007189	0.006262	0.005205	0.005332	0.005459	0.005585	0.005712	0.005839	0.005966	0.006093	0.00622	0.006347	0.006473	0.0066	0.006727	0.006854	0.006981	0.007108	0.007235	0.007361	0.007488	0.007615	0.007742	0.007869	0.007996
Q12233	Oxidative Phosphorylation	0.012155	0.011815	0.011616	0.011414	0.01125	0.011116	0.011079	0.011054	0.011035	0.01102	0.011008	0.010998	0.010989	0.010982	0.010977	0.010972	0.010968	0.010965	0.010963	0.010961	0.010959	0.010958	0.010957	0.010956	0.010956	0.010955	0.010955	0.010955	0.010956	0.010956	0.010957	0.010957	0.010958	0.010959	0.01096	0.010961	0.010962	0.010963	0.010965	0.010966	0.010967	0.010968	0.01097	0.010971	0.010973	0.010974	0.010976	0.010977	0.010979	0.01098	0.010982	0.010984	0.010985	0.010987	0.010988	0.01099	0.010992	0.010983	0.010777	0.010566	0.010304	0.010045	0.009787	0.00953	0.009275	0.009021	0.008769	0.008519	0.00827	0.008022	0.007776	0.007532	0.007289	0.007048	0.006808	0.006569	0.006333	0.006097	0.005864	0.005631	0.005401
Q12349	Oxidative Phosphorylation	0.013291	0.012918	0.012701	0.01248	0.012301	0.012154	0.012114	0.012087	0.012066	0.012049	0.012036	0.012025	0.012016	0.012008	0.012002	0.011997	0.011993	0.011989	0.011986	0.011984	0.011982	0.011981	0.01198	0.011979	0.011979	0.011978	0.011978	0.011979	0.011979	0.011979	0.01198	0.011981	0.011982	0.011983	0.011984	0.011985	0.011986	0.011987	0.011989	0.01199	0.011991	0.011993	0.011994	0.011996	0.011997	0.011999	0.012001	0.012002	0.012004	0.012006	0.012008	0.012009	0.012011	0.012013	0.012015	0.012016	0.012018	0.012009	0.011784	0.011552	0.011267	0.010983	0.010701	0.01042	0.010141	0.009864	0.009588	0.009314	0.009042	0.008772	0.008503	0.008235	0.00797	0.007706	0.007444	0.007183	0.006924	0.006667	0.006411	0.006157	0.005905
Q3E731	Oxidative Phosphorylation	0	0	0	0	0	0	0	0	0	0	0	0	0	0	0	0	0	0	0	0	0	0	0	0	0	0	0	0	0	0	0	0	0	0	0	0	0	0	0	0	0	0	0	0	0	0	0	0	0	0	0	0	0	0	0	0	0	0	0	0	0	0	0	0	0	0	0	0	0	0	0	0	0	0	0	0	0	0	0	0	0
