enzymes	ranges	minU	maxU	pU
P00127	5.32336046325398e-09	2.46859262913521e-05	2.46912496518153e-05	2.46874583247614e-05
P00128	5.32336046325398e-09	2.46859262913521e-05	2.46912496518153e-05	2.46874583247614e-05
P00163	5.32336046325398e-09	2.46859262913521e-05	2.46912496518153e-05	2.46874583247614e-05
P00330	6.34351877940921e-08	3.65108689508234e-06	3.71452208287643e-06	3.6706111452191e-06
P00358	1.61647215310507e-05	0	1.61647215310507e-05	0
P00359	0.000181450450814767	0	0.000181450450814767	0.000181405184909617
P00360	0.000181433701354977	0	0.000181433701354977	0
P00401	1.68873727745626e-09	7.83115181556951e-06	7.83284055284697e-06	7.83163782472604e-06
P00410	1.68873727745626e-09	7.83115181556951e-06	7.83284055284697e-06	7.83163782472604e-06
P00420	1.68873727745626e-09	7.83115181556951e-06	7.83284055284697e-06	7.83163782472604e-06
P00425	1.68877040285824e-09	7.80925271883351e-06	7.81094148923637e-06	7.80973876111544e-06
P00427	1.68877040285824e-09	7.80925271883351e-06	7.81094148923637e-06	7.80973876111544e-06
P00549	2.48697410037246e-06	1.62595088802419e-05	1.87464829806144e-05	1.87458159258407e-05
P00560	3.71356784073314e-08	8.30841993266635e-06	8.34555561107368e-06	8.30938742648602e-06
P00830	4.07593470043424e-09	1.96411956841462e-05	1.96452716188467e-05	1.96416483916883e-05
P00854	4.07590861445543e-09	1.96410699804939e-05	1.96451458891083e-05	1.96415226851386e-05
P00856	4.07590861445543e-09	1.96410699804939e-05	1.96451458891083e-05	1.96415226851386e-05
P00890	1.84704630310237e-06	0	1.84704630310237e-06	1.84624479050751e-06
P00924	5.02342167443767e-08	0	5.02342167443767e-08	0
P00925	5.00816902406523e-08	0	5.00816902406523e-08	0
P00942	6.04174536028846e-08	2.58263033509359e-07	3.18680487112243e-07	2.58293004876344e-07
P00950	5.95102568865843e-08	7.7415433643438e-06	7.80105362123039e-06	7.7424448468664e-06
P04037	1.68877040285824e-09	7.80925271883351e-06	7.81094148923637e-06	7.80973876111544e-06
P04039	3.89522829313791e-09	1.5618505437667e-05	1.56224006659602e-05	1.56194775222309e-05
P04385	0	0	0	0
P04397	2.06932051899553e-08	0	2.06932051899553e-08	0
P04806	9.87181151411809e-07	8.48920312575595e-06	9.47638427716776e-06	9.47638427716776e-06
P04807	5.56176640278372e-08	0	5.56176640278372e-08	0
P05626	4.07590861445543e-09	1.96410699804939e-05	1.96451458891083e-05	1.96415226851386e-05
P06169	1.90604122953767e-05	3.77328834800987e-05	5.67932957754754e-05	5.67916532123202e-05
P07143	5.32336046325398e-09	2.46859262913521e-05	2.46912496518153e-05	2.46874583247614e-05
P07170	1.01979187909281e-06	0	1.01979187909281e-06	0
P07251	4.07593470043424e-09	1.96411956841462e-05	1.96452716188467e-05	1.96416483916883e-05
P07255	1.68873727745626e-09	7.83115181556951e-06	7.83284055284697e-06	7.83163782472604e-06
P07256	5.32336046325398e-09	2.46859262913521e-05	2.46912496518153e-05	2.46874583247614e-05
P07257	5.32336046325398e-09	2.46859262913521e-05	2.46912496518153e-05	2.46874583247614e-05
P08067	5.32336046325398e-09	2.46859262913521e-05	2.46912496518153e-05	2.46874583247614e-05
P08417	3.05562803480469e-08	2.37922559960633e-07	2.68478840308679e-07	2.38035062660591e-07
P08431	3.81762434383306e-08	0	3.81762434383306e-08	0
P08525	5.32336046325398e-09	2.46859262913521e-05	2.46912496518153e-05	2.46874583247614e-05
P09201	2.93463852364384e-09	0	2.93463852364384e-09	0
P09457	4.07590861445543e-09	1.96410699804939e-05	1.96451458891083e-05	1.96415226851386e-05
P09624	1.91211256665622e-08	1.08269484774076e-05	1.08460696030742e-05	1.083002672826e-05
P0CX10	1.9417386946093e-05	0	1.9417386946093e-05	0
P0CX11	1.9417386946093e-05	0	1.9417386946093e-05	0
P10174	1.68877040285824e-09	7.80925271883351e-06	7.81094148923637e-06	7.80973876111544e-06
P10963	2.49607592721213e-09	0	2.49607592721213e-09	0
P11154	3.38373476909412e-06	0	3.38373476909412e-06	3.38087642091404e-06
P11412	9.41655722508439e-10	3.15146500464054e-07	3.16088156186562e-07	3.1523428805178e-07
P12695	1.38743775439238e-09	7.85608407390181e-07	7.86995845144574e-07	7.85831766700952e-07
P12709	2.71857572304334e-08	3.24269939291439e-06	3.26988515014483e-06	3.24348819255774e-06
P14540	4.7402344266744e-08	6.89165427529232e-05	6.896394509719e-05	6.89231051058409e-05
P15019	4.42329656944476e-08	1.84977511751862e-06	1.89400808321307e-06	1.85031834905587e-06
P16387	1.91211256665622e-08	1.08269484774076e-05	1.08460696030742e-05	1.083002672826e-05
P16451	1.38743775439238e-09	7.85608407390181e-07	7.86995845144574e-07	7.85831766700952e-07
P16467	3.88310205249312e-06	0	3.88310205249312e-06	0
P16861	6.61768188278801e-08	0	6.61768188278801e-08	0
P16862	5.31913651314151e-08	6.22168994124203e-06	6.27488130637345e-06	6.27452032566103e-06
P17505	4.59776625071046e-08	1.29335517273649e-06	1.3393328352436e-06	1.29402854011044e-06
P17709	9.87181151411809e-07	0	9.87181151411809e-07	0
P19414	1.99070493037893e-08	1.81952931651189e-06	1.83943636581568e-06	1.82047724283818e-06
P19516	1.20573217080983e-08	1.2655752847623e-06	1.27763260647039e-06	1.2655752847623e-06
P20967	3.07324473405429e-08	8.83543818515453e-06	8.86617063249507e-06	8.86149444857533e-06
P21306	4.07590861445543e-09	1.96410699804939e-05	1.96451458891083e-05	1.96415226851386e-05
P21801	1.24742311596777e-09	1.12280187875583e-06	1.1240493018718e-06	1.12342129436257e-06
P21826	3.71339405944971e-08	0	3.71339405944971e-08	0
P21954	3.05129298595408e-08	9.29047430686771e-06	9.32098723672725e-06	9.31634445412122e-06
P22289	5.32336046325398e-09	2.46859262913521e-05	2.46912496518153e-05	2.46874583247614e-05
P23254	1.34421578672369e-06	1.44916299314834e-07	1.48913208603853e-06	1.467208221562e-06
P26263	1.90587588371322e-05	0	1.90587588371322e-05	0
P28240	5.40165994600156e-08	0	5.40165994600156e-08	1.26849873615304e-09
P30902	4.07590861445543e-09	1.96410699804939e-05	1.96451458891083e-05	1.96415226851386e-05
P30952	3.71364121287607e-08	0	3.71364121287607e-08	8.72092881105212e-10
P32327	3.38336803264107e-06	0	3.38336803264107e-06	0
P32340	3.6780135925587e-07	4.57155155922432e-06	4.93935291848019e-06	4.93850825174008e-06
P32473	1.91211256665622e-08	1.08269484774076e-05	1.08460696030742e-05	1.083002672826e-05
P32799	1.68877040285824e-09	7.80925271883351e-06	7.81094148923637e-06	7.80973876111544e-06
P33315	1.32229192227179e-06	0	1.32229192227179e-06	0
P33401	2.56387327312133e-08	0	2.56387327312133e-08	0
P33421	1.24742311596777e-09	1.12280187875583e-06	1.1240493018718e-06	1.12342129436257e-06
P37012	2.56482424509512e-08	0	2.56482424509512e-08	0
P37298	1.24742311596777e-09	1.12280187875583e-06	1.1240493018718e-06	1.12342129436257e-06
P37299	5.32336046325398e-09	2.46859262913521e-05	2.46912496518153e-05	2.46874583247614e-05
P38077	4.07590861445543e-09	1.96410699804939e-05	1.96451458891083e-05	1.96415226851386e-05
P38113	6.20890629009013e-08	0	6.20890629009013e-08	0
P38720	4.27633646634861e-06	1.08546317809799e-06	5.36179964444661e-06	5.34695547533425e-06
P38824	1.20573217080983e-08	1.2655752847623e-06	1.27763260647039e-06	1.2655752847623e-06
P38858	2.49385277750802e-06	1.75082057459775e-05	2.00020585234855e-05	1.99480257479167e-05
P40047	2.38556865447591e-08	0	2.38556865447591e-08	0
P40106	9.74807379460442e-09	0	9.74807379460442e-09	0
P40215	2.92903829494975e-07	0	2.92903829494975e-07	0
P41277	9.74026353868881e-09	0	9.74026353868881e-09	0
P41911	9.58991220331578e-10	0	9.58991220331578e-10	0
P42222	1.94235020509813e-05	0	1.94235020509813e-05	1.938930181034e-05
P43635	1.84654678469317e-06	0	1.84654678469317e-06	0
P46367	2.3844858872851e-08	0	2.3844858872851e-08	0
P46969	6.27107256199039e-08	8.91561965316161e-07	9.54272690936065e-07	8.91959183152227e-07
P47052	1.0176413195388e-07	0	1.0176413195388e-07	0
P47081	1.20573217080983e-08	1.2655752847623e-06	1.27763260647039e-06	1.2655752847623e-06
P47771	2.56920728743383e-08	0	2.56920728743383e-08	0
P52489	2.48630704559881e-06	0	2.48630704559881e-06	0
P52910	4.455766484828e-07	3.71747942433563e-07	8.17324590916362e-07	8.15157080128205e-07
P53239	1.20573217080983e-08	1.2655752847623e-06	1.27763260647039e-06	1.2655752847623e-06
P53312	4.25037638701305e-09	1.22203464884893e-06	1.22628502523595e-06	1.22563825961934e-06
P53315	2.43982000191298e-06	0	2.43982000191298e-06	0
P53319	4.26149229723626e-06	0	4.26149229723626e-06	0
P53598	4.25037638701305e-09	1.22203464884893e-06	1.22628502523595e-06	1.22563825961934e-06
P54115	5.52685538436413e-08	9.83871877069486e-06	9.8939873245385e-06	9.88783947575757e-06
P61829	4.07593470043424e-09	1.96411956841462e-05	1.96452716188467e-05	1.96416483916883e-05
P81449	4.07590861445543e-09	1.96410699804939e-05	1.96451458891083e-05	1.96415226851386e-05
P81450	4.07590861445543e-09	1.96410699804939e-05	1.96451458891083e-05	1.96415226851386e-05
P81451	4.07590861445543e-09	1.96410699804939e-05	1.96451458891083e-05	1.96415226851386e-05
Q00055	9.62730119891906e-10	0	9.62730119891906e-10	0
Q00711	7.81215921011606e-08	1.04592770977064e-06	1.1240493018718e-06	1.12342129436257e-06
Q01519	1.68877040285824e-09	7.80925271883351e-06	7.81094148923637e-06	7.80973876111544e-06
Q01574	4.43409137694167e-07	0	4.43409137694167e-07	0
Q04458	2.49622885960643e-08	0	2.49622885960643e-08	0
Q04935	1.20573217080983e-08	1.2655752847623e-06	1.27763260647039e-06	1.2655752847623e-06
Q06204	4.40294055497129e-08	0	4.40294055497129e-08	0
Q06405	4.07590861445543e-09	1.96410699804939e-05	1.96451458891083e-05	1.96415226851386e-05
Q07500	3.66963447471116e-07	0	3.66963447471116e-07	0
Q12055	1.08853377476674e-06	0	1.08853377476674e-06	1.01732417452829e-06
Q12165	4.07590861445543e-09	1.96410699804939e-05	1.96451458891083e-05	1.96415226851386e-05
Q12189	5.91905515478774e-08	9.72638486311295e-06	9.78557541466083e-06	9.72831375149884e-06
Q12233	4.07590861445543e-09	1.96410699804939e-05	1.96451458891083e-05	1.96415226851386e-05
Q12349	4.07590861445543e-09	1.96410699804939e-05	1.96451458891083e-05	1.96415226851386e-05
Q3E731	1.20573217080983e-08	1.2655752847623e-06	1.27763260647039e-06	1.2655752847623e-06
