enzymes	subSystems	D_0	D_005	D_01	D_015	D_02	D_025	D_03	D_035	D_04	D_045	D_05	D_055	D_06	D_065	D_07	D_075	D_08	D_085	D_09	D_095	D_1	D_105	D_11	D_115	D_12	D_125	D_13	D_135	D_14	D_145	D_15	D_155	D_16	D_165	D_17	D_175	D_18	D_185	D_19	D_195	D_2	D_205	D_21	D_215	D_22	D_225	D_23	D_235	D_24	D_245	D_25	D_255	D_26	D_265	D_27	D_275	D_28	D_285	D_29	D_295	D_3	D_305	D_31	D_315	D_32	D_325	D_33	D_335	D_34	D_345	D_35	D_355	D_36	D_365	D_37	D_375	D_38	D_385	D_39	D_395	D_4
P00127	Oxidative Phosphorylation	0.009025	0.010513	0.011596	0.012421	0.013076	0.01362	0.014073	0.014455	0.01478	0.015062	0.015307	0.015524	0.015716	0.015888	0.016042	0.016182	0.01631	0.016426	0.016537	0.01664	0.016736	0.016825	0.016908	0.016986	0.017058	0.017126	0.01719	0.017251	0.017308	0.017362	0.017413	0.017461	0.017507	0.017551	0.017593	0.017633	0.017673	0.017712	0.017749	0.017785	0.01782	0.017855	0.017888	0.017921	0.017952	0.017982	0.018011	0.018039	0.018066	0.018092	0.018117	0.018142	0.018165	0.018188	0.018211	0.018232	0.018252	0.018042	0.017556	0.017141	0.016729	0.016319	0.015911	0.015506	0.015104	0.014704	0.014306	0.013911	0.013518	0.013127	0.012739	0.012354	0.011971	0.01159	0.011212	0.010836	0.010462	0.010092	0.009723	0.009357	0.008993
P00128	Oxidative Phosphorylation	0.007617	0.008873	0.009787	0.010483	0.011036	0.011495	0.011878	0.0122	0.012474	0.012712	0.012919	0.013102	0.013264	0.013409	0.01354	0.013658	0.013765	0.013863	0.013957	0.014044	0.014125	0.014201	0.014271	0.014336	0.014397	0.014455	0.014509	0.01456	0.014608	0.014653	0.014696	0.014737	0.014776	0.014813	0.014848	0.014882	0.014916	0.014948	0.01498	0.01501	0.01504	0.015069	0.015098	0.015125	0.015151	0.015176	0.015201	0.015224	0.015247	0.015269	0.015291	0.015311	0.015331	0.015351	0.01537	0.015388	0.015405	0.015227	0.014817	0.014467	0.014119	0.013773	0.013429	0.013087	0.012747	0.01241	0.012074	0.01174	0.011409	0.011079	0.010752	0.010427	0.010103	0.009782	0.009463	0.009145	0.00883	0.008517	0.008206	0.007897	0.00759
P00163	Oxidative Phosphorylation	0.022831	0.026596	0.029336	0.031423	0.033078	0.034456	0.035602	0.036567	0.037391	0.038102	0.038724	0.039271	0.039757	0.040192	0.040583	0.040937	0.041259	0.041554	0.041834	0.042096	0.042339	0.042564	0.042774	0.04297	0.043154	0.043326	0.043488	0.04364	0.043784	0.043921	0.04405	0.044173	0.044289	0.0444	0.044506	0.044607	0.044707	0.044806	0.0449	0.044991	0.04508	0.045168	0.045253	0.045335	0.045413	0.045489	0.045563	0.045633	0.045702	0.045768	0.045832	0.045894	0.045954	0.046012	0.046068	0.046123	0.046173	0.045642	0.044411	0.043362	0.042319	0.041282	0.040252	0.039227	0.038209	0.037196	0.03619	0.03519	0.034196	0.033209	0.032227	0.031252	0.030283	0.02932	0.028363	0.027412	0.026468	0.025529	0.024597	0.023671	0.022751
P00330	Anaerobic excretion // Anaerobic excretion	0	0	0	0	0	0	0	0	0	0	0	0	0	0	0	0	0	0	0	0	0	0	0	0	0	0	0	0	0	0	0	0	0	0	0	0	0	0	0	0	0	0	0	0	0	0	0	0	0	0	0	0	0	0	0	0	0	6.2e-05	0.000314	0.000526	0.000738	0.000948	0.001156	0.001364	0.00157	0.001775	0.001978	0.002181	0.002381	0.002581	0.002779	0.002976	0.003172	0.003366	0.00356	0.003751	0.003942	0.004131	0.004319	0.004505	0.004691
P00358	Glycolysis // Glycolysis	0	0	0	0	0	0	0	0	0	0	0	0	0	0	0	0	0	0	0	0	0	0	0	0	0	0	0	0	0	0	0	0	0	0	0	0	0	0	0	0	0	0	0	0	0	0	0	0	0	0	0	0	0	0	0	0	0	0	0	0	0	0	0	0	0	0	0	0	0	0	0	0	0	0	0	0	0	0	0	0	0
P00359	Glycolysis // Glycolysis	0.013877	0.019576	0.023704	0.026825	0.029275	0.031275	0.032921	0.034292	0.03545	0.03644	0.037293	0.038034	0.038684	0.039256	0.039763	0.040214	0.040618	0.04098	0.041316	0.041623	0.041903	0.042156	0.042387	0.042599	0.042791	0.042968	0.04313	0.043278	0.043415	0.04354	0.043655	0.043761	0.043859	0.043948	0.044031	0.044107	0.04418	0.04425	0.044314	0.044374	0.04443	0.044485	0.044535	0.044581	0.044624	0.044662	0.044698	0.04473	0.044759	0.044786	0.04481	0.044831	0.044851	0.044867	0.044882	0.044895	0.04553	0.052417	0.060849	0.06803	0.075168	0.082264	0.089317	0.096329	0.103297	0.110224	0.117108	0.123949	0.130748	0.137505	0.14422	0.150892	0.157521	0.164109	0.170653	0.177156	0.183616	0.190033	0.196409	0.202742	0.209032
P00360	Glycolysis // Glycolysis	0	0	0	0	0	0	0	0	0	0	0	0	0	0	0	0	0	0	0	0	0	0	0	0	0	0	0	0	0	0	0	0	0	0	0	0	0	0	0	0	0	0	0	0	0	0	0	0	0	0	0	0	0	0	0	0	0	0	0	0	0	0	0	0	0	0	0	0	0	0	0	0	0	0	0	0	0	0	0	0	0
P00401	Oxidative Phosphorylation // Oxidative Phosphorylation	0.009755	0.011363	0.012534	0.013426	0.014133	0.014722	0.015211	0.015624	0.015976	0.01628	0.016545	0.016779	0.016987	0.017172	0.01734	0.017491	0.017629	0.017754	0.017874	0.017986	0.01809	0.018186	0.018276	0.01836	0.018438	0.018512	0.018581	0.018646	0.018707	0.018766	0.018821	0.018873	0.018923	0.018971	0.019016	0.019059	0.019102	0.019144	0.019184	0.019223	0.019261	0.019299	0.019335	0.01937	0.019404	0.019436	0.019467	0.019497	0.019527	0.019555	0.019582	0.019609	0.019634	0.019659	0.019683	0.019707	0.019728	0.019501	0.018975	0.018527	0.018081	0.017638	0.017198	0.01676	0.016325	0.015893	0.015463	0.015036	0.014611	0.014189	0.01377	0.013353	0.012939	0.012527	0.012118	0.011712	0.011309	0.010908	0.010509	0.010114	0.009721
P00410	Oxidative Phosphorylation // Oxidative Phosphorylation	0.004739	0.005521	0.00609	0.006523	0.006867	0.007153	0.007391	0.007591	0.007762	0.00791	0.008039	0.008152	0.008253	0.008343	0.008424	0.008498	0.008565	0.008626	0.008684	0.008739	0.008789	0.008836	0.008879	0.00892	0.008958	0.008994	0.009027	0.009059	0.009089	0.009117	0.009144	0.00917	0.009194	0.009217	0.009239	0.00926	0.009281	0.009301	0.009321	0.00934	0.009358	0.009376	0.009394	0.009411	0.009427	0.009443	0.009458	0.009473	0.009487	0.009501	0.009514	0.009527	0.009539	0.009551	0.009563	0.009575	0.009585	0.009475	0.009219	0.009001	0.008785	0.00857	0.008356	0.008143	0.007932	0.007721	0.007513	0.007305	0.007099	0.006894	0.00669	0.006488	0.006286	0.006086	0.005888	0.00569	0.005494	0.0053	0.005106	0.004914	0.004723
P00420	Oxidative Phosphorylation // Oxidative Phosphorylation	0.005037	0.005867	0.006472	0.006932	0.007297	0.007601	0.007854	0.008067	0.008249	0.008406	0.008543	0.008664	0.008771	0.008867	0.008953	0.009031	0.009102	0.009167	0.009229	0.009287	0.00934	0.00939	0.009437	0.00948	0.00952	0.009558	0.009594	0.009628	0.009659	0.009689	0.009718	0.009745	0.009771	0.009795	0.009819	0.009841	0.009863	0.009885	0.009906	0.009926	0.009945	0.009965	0.009983	0.010001	0.010019	0.010036	0.010052	0.010067	0.010082	0.010097	0.010111	0.010125	0.010138	0.010151	0.010163	0.010175	0.010186	0.010069	0.009798	0.009566	0.009336	0.009107	0.00888	0.008654	0.008429	0.008206	0.007984	0.007763	0.007544	0.007326	0.00711	0.006895	0.006681	0.006468	0.006257	0.006047	0.005839	0.005632	0.005426	0.005222	0.005019
P00425	Oxidative Phosphorylation	0.001651	0.002315	0.002799	0.003167	0.003459	0.003702	0.003903	0.004073	0.004218	0.004343	0.004452	0.004548	0.004633	0.004709	0.004777	0.004839	0.004895	0.004947	0.004996	0.005041	0.005083	0.005123	0.005159	0.005193	0.005225	0.005254	0.005282	0.005308	0.005333	0.005357	0.005379	0.0054	0.00542	0.005439	0.005457	0.005474	0.005491	0.005508	0.005524	0.005539	0.005555	0.00557	0.005584	0.005598	0.005611	0.005624	0.005636	0.005648	0.00566	0.005671	0.005681	0.005692	0.005702	0.005711	0.005721	0.00573	0.005738	0.005674	0.005521	0.005391	0.005262	0.005134	0.005006	0.004879	0.004753	0.004628	0.004503	0.00438	0.004257	0.004134	0.004013	0.003892	0.003772	0.003653	0.003534	0.003417	0.0033	0.003184	0.003068	0.002954	0.00284
P00427	Oxidative Phosphorylation	0.001665	0.002335	0.002823	0.003194	0.003488	0.003733	0.003936	0.004107	0.004253	0.004379	0.004489	0.004586	0.004672	0.004749	0.004818	0.00488	0.004937	0.004989	0.005038	0.005084	0.005126	0.005166	0.005202	0.005237	0.005269	0.005299	0.005327	0.005353	0.005378	0.005402	0.005424	0.005445	0.005466	0.005485	0.005503	0.00552	0.005538	0.005554	0.005571	0.005586	0.005601	0.005616	0.005631	0.005645	0.005658	0.005671	0.005684	0.005696	0.005707	0.005718	0.005729	0.00574	0.00575	0.00576	0.005769	0.005778	0.005787	0.005721	0.005568	0.005437	0.005306	0.005177	0.005048	0.00492	0.004793	0.004667	0.004541	0.004416	0.004292	0.004169	0.004047	0.003925	0.003804	0.003684	0.003564	0.003445	0.003328	0.00321	0.003094	0.002978	0.002864
P00549	Glycolysis	0.002254	0.003056	0.003636	0.004076	0.004421	0.004703	0.004936	0.00513	0.005294	0.005435	0.005556	0.005661	0.005754	0.005836	0.005908	0.005973	0.006031	0.006083	0.006131	0.006176	0.006217	0.006254	0.006287	0.006318	0.006347	0.006373	0.006397	0.006419	0.006439	0.006458	0.006475	0.006491	0.006506	0.00652	0.006533	0.006544	0.006556	0.006567	0.006577	0.006587	0.006596	0.006605	0.006613	0.00662	0.006627	0.006634	0.00664	0.006646	0.006651	0.006656	0.00666	0.006664	0.006668	0.006671	0.006675	0.006677	0.00678	0.007888	0.009246	0.010402	0.011551	0.012692	0.013827	0.014955	0.016076	0.01719	0.018298	0.019398	0.020492	0.021578	0.022658	0.023731	0.024797	0.025856	0.026908	0.027954	0.028992	0.030024	0.031048	0.032066	0.033077
P00560	Glycolysis // Glycolysis	0.000799	0.00112	0.001353	0.001529	0.001667	0.00178	0.001873	0.00195	0.002016	0.002071	0.002119	0.002161	0.002198	0.00223	0.002259	0.002285	0.002307	0.002328	0.002347	0.002364	0.00238	0.002394	0.002408	0.002419	0.00243	0.00244	0.00245	0.002458	0.002466	0.002473	0.002479	0.002486	0.002491	0.002496	0.002501	0.002505	0.002509	0.002513	0.002517	0.002521	0.002524	0.002527	0.00253	0.002533	0.002535	0.002537	0.002539	0.002541	0.002543	0.002544	0.002546	0.002547	0.002548	0.002549	0.00255	0.002551	0.002587	0.002984	0.003469	0.003882	0.004292	0.0047	0.005106	0.005509	0.00591	0.006308	0.006704	0.007097	0.007488	0.007877	0.008263	0.008647	0.009028	0.009407	0.009783	0.010157	0.010529	0.010898	0.011264	0.011628	0.01199
P00830	Oxidative Phosphorylation	0.022752	0.026489	0.029211	0.031283	0.032928	0.034297	0.035436	0.036394	0.037213	0.03792	0.038537	0.039081	0.039564	0.039997	0.040385	0.040737	0.041058	0.04135	0.041629	0.04189	0.042131	0.042356	0.042564	0.042759	0.042942	0.043113	0.043274	0.043426	0.04357	0.043705	0.043834	0.043956	0.044072	0.044183	0.044288	0.044389	0.044488	0.044587	0.044681	0.044771	0.04486	0.044948	0.045032	0.045114	0.045192	0.045268	0.045341	0.045411	0.045479	0.045545	0.045609	0.045671	0.045731	0.045789	0.045845	0.0459	0.04595	0.045568	0.04434	0.043293	0.042252	0.041217	0.040188	0.039166	0.03815	0.037139	0.036135	0.035137	0.034145	0.03316	0.03218	0.031207	0.030239	0.029278	0.028323	0.027374	0.026431	0.025495	0.024564	0.02364	0.022721
P00854	Oxidative Phosphorylation	0.012083	0.014067	0.015513	0.016613	0.017487	0.018214	0.018818	0.019328	0.019762	0.020138	0.020466	0.020755	0.021011	0.021241	0.021447	0.021634	0.021804	0.02196	0.022107	0.022246	0.022374	0.022493	0.022604	0.022708	0.022805	0.022896	0.022981	0.023062	0.023138	0.02321	0.023278	0.023343	0.023405	0.023464	0.02352	0.023573	0.023626	0.023678	0.023728	0.023776	0.023823	0.02387	0.023915	0.023958	0.024	0.02404	0.024079	0.024116	0.024152	0.024187	0.024221	0.024254	0.024286	0.024317	0.024347	0.024376	0.024402	0.024199	0.023547	0.022991	0.022438	0.021889	0.021343	0.0208	0.02026	0.019723	0.01919	0.01866	0.018133	0.01761	0.01709	0.016573	0.016059	0.015548	0.015041	0.014537	0.014037	0.013539	0.013045	0.012554	0.012066
P00856	Oxidative Phosphorylation	0.002418	0.002815	0.003104	0.003324	0.003499	0.003644	0.003765	0.003867	0.003954	0.004029	0.004095	0.004153	0.004204	0.00425	0.004291	0.004329	0.004363	0.004394	0.004423	0.004451	0.004477	0.004501	0.004523	0.004543	0.004563	0.004581	0.004598	0.004614	0.00463	0.004644	0.004658	0.004671	0.004683	0.004695	0.004706	0.004717	0.004727	0.004738	0.004748	0.004757	0.004767	0.004776	0.004785	0.004794	0.004802	0.00481	0.004818	0.004825	0.004833	0.00484	0.004846	0.004853	0.004859	0.004865	0.004871	0.004877	0.004883	0.004842	0.004711	0.0046	0.00449	0.00438	0.00427	0.004162	0.004054	0.003946	0.00384	0.003734	0.003628	0.003523	0.003419	0.003316	0.003213	0.003111	0.00301	0.002909	0.002809	0.002709	0.00261	0.002512	0.002414
P00890	TCA	0.003621	0.003969	0.004223	0.004419	0.004576	0.004709	0.004822	0.004918	0.005	0.005072	0.005136	0.005193	0.005244	0.005291	0.005333	0.005372	0.005408	0.005441	0.005474	0.005504	0.005533	0.00556	0.005586	0.005611	0.005634	0.005656	0.005677	0.005697	0.005716	0.005735	0.005753	0.00577	0.005786	0.005802	0.005818	0.005833	0.005848	0.005863	0.005877	0.005891	0.005905	0.005919	0.005933	0.005946	0.005959	0.005971	0.005983	0.005995	0.006007	0.006019	0.00603	0.006041	0.006052	0.006062	0.006073	0.006083	0.006059	0.005707	0.00549	0.005302	0.005114	0.004928	0.004742	0.004558	0.004374	0.004192	0.00401	0.00383	0.00365	0.003471	0.003294	0.003117	0.002941	0.002766	0.002593	0.00242	0.002248	0.002077	0.001907	0.001738	0.00157
P00924	Glycolysis // Glycolysis	0	0	0	0	0	0	0	0	0	0	0	0	0	0	0	0	0	0	0	0	0	0	0	0	0	0	0	0	0	0	0	0	0	0	0	0	0	0	0	0	0	0	0	0	0	0	0	0	0	0	0	0	0	0	0	0	0	0	0	0	0	0	0	0	0	0	0	0	0	0	0	0	0	0	0	0	0	0	0	0	0
P00925	Glycolysis // Glycolysis	0	0	0	0	0	0	0	0	0	0	0	0	0	0	0	0	0	0	0	0	0	0	0	0	0	0	0	0	0	0	0	0	0	0	0	0	0	0	0	0	0	0	0	0	0	0	0	0	0	0	0	0	0	0	0	0	0	0	0	0	0	0	0	0	0	0	0	0	0	0	0	0	0	0	0	0	0	0	0	0	0
P00942	Glycolysis // Glycolysis	1.5e-05	2.1e-05	2.5e-05	2.8e-05	3.1e-05	3.3e-05	3.4e-05	3.6e-05	3.7e-05	3.8e-05	3.9e-05	4e-05	4e-05	4.1e-05	4.2e-05	4.2e-05	4.2e-05	4.3e-05	4.3e-05	4.4e-05	4.4e-05	4.4e-05	4.4e-05	4.5e-05	4.5e-05	4.5e-05	4.5e-05	4.5e-05	4.5e-05	4.5e-05	4.6e-05	4.6e-05	4.6e-05	4.6e-05	4.6e-05	4.6e-05	4.6e-05	4.6e-05	4.6e-05	4.6e-05	4.6e-05	4.6e-05	4.7e-05	4.7e-05	4.7e-05	4.7e-05	4.7e-05	4.7e-05	4.7e-05	4.7e-05	4.7e-05	4.7e-05	4.7e-05	4.7e-05	4.7e-05	4.7e-05	4.8e-05	5.6e-05	6.5e-05	7.3e-05	8e-05	8.8e-05	9.5e-05	0.000103	0.00011	0.000118	0.000125	0.000132	0.00014	0.000147	0.000154	0.000161	0.000168	0.000175	0.000182	0.000189	0.000196	0.000203	0.00021	0.000216	0.000223
P00950	Glycolysis // Glycolysis	0.00046	0.000644	0.000778	0.000879	0.000959	0.001024	0.001077	0.001121	0.001159	0.001191	0.001219	0.001243	0.001264	0.001282	0.001299	0.001314	0.001327	0.001339	0.001349	0.001359	0.001369	0.001377	0.001384	0.001391	0.001398	0.001403	0.001409	0.001413	0.001418	0.001422	0.001426	0.001429	0.001432	0.001435	0.001438	0.001441	0.001443	0.001445	0.001447	0.001449	0.001451	0.001453	0.001455	0.001456	0.001458	0.001459	0.00146	0.001461	0.001462	0.001463	0.001464	0.001465	0.001465	0.001466	0.001466	0.001467	0.001488	0.001716	0.001994	0.002232	0.002468	0.002703	0.002936	0.003168	0.003398	0.003627	0.003855	0.004081	0.004306	0.004529	0.004751	0.004972	0.005191	0.005409	0.005625	0.00584	0.006054	0.006266	0.006477	0.006686	0.006894
P04037	Oxidative Phosphorylation	0.001646	0.002308	0.00279	0.003157	0.003448	0.00369	0.003891	0.00406	0.004205	0.004329	0.004438	0.004533	0.004618	0.004694	0.004762	0.004824	0.00488	0.004931	0.00498	0.005025	0.005067	0.005106	0.005143	0.005176	0.005208	0.005238	0.005266	0.005292	0.005317	0.00534	0.005362	0.005383	0.005403	0.005422	0.00544	0.005457	0.005474	0.005491	0.005507	0.005522	0.005537	0.005552	0.005566	0.00558	0.005593	0.005606	0.005618	0.00563	0.005642	0.005653	0.005663	0.005674	0.005684	0.005693	0.005703	0.005712	0.00572	0.005656	0.005504	0.005374	0.005246	0.005118	0.00499	0.004864	0.004738	0.004613	0.004489	0.004366	0.004243	0.004121	0.004	0.00388	0.00376	0.003641	0.003523	0.003406	0.003289	0.003174	0.003059	0.002944	0.002831
P04039	Oxidative Phosphorylation	0.00171	0.002399	0.0029	0.003281	0.003583	0.003835	0.004043	0.004219	0.004369	0.004499	0.004611	0.004711	0.004799	0.004878	0.004949	0.005013	0.005071	0.005124	0.005175	0.005222	0.005266	0.005306	0.005344	0.005379	0.005412	0.005443	0.005472	0.005499	0.005525	0.005549	0.005572	0.005594	0.005614	0.005634	0.005653	0.005671	0.005688	0.005706	0.005722	0.005738	0.005754	0.005769	0.005784	0.005798	0.005812	0.005825	0.005838	0.005851	0.005862	0.005874	0.005885	0.005896	0.005906	0.005916	0.005926	0.005935	0.005944	0.005877	0.005719	0.005585	0.005451	0.005318	0.005186	0.005054	0.004924	0.004794	0.004665	0.004537	0.004409	0.004283	0.004157	0.004032	0.003907	0.003784	0.003661	0.003539	0.003418	0.003298	0.003178	0.003059	0.002941
P04385	Galactose metabolism	0	0	0	0	0	0	0	0	0	0	0	0	0	0	0	0	0	0	0	0	0	0	0	0	0	0	0	0	0	0	0	0	0	0	0	0	0	0	0	0	0	0	0	0	0	0	0	0	0	0	0	0	0	0	0	0	0	0	0	0	0	0	0	0	0	0	0	0	0	0	0	0	0	0	0	0	0	0	0	0	0
P04397	Galactose metabolism // Galactose metabolism	0	0	0	0	0	0	0	0	0	0	0	0	0	0	0	0	0	0	0	0	0	0	0	0	0	0	0	0	0	0	0	0	0	0	0	0	0	0	0	0	0	0	0	0	0	0	0	0	0	0	0	0	0	0	0	0	0	0	0	0	0	0	0	0	0	0	0	0	0	0	0	0	0	0	0	0	0	0	0	0	0
P04806	Glycolysis	0.00094	0.001619	0.002109	0.002479	0.002769	0.003004	0.003197	0.003357	0.003492	0.003606	0.003705	0.00379	0.003865	0.00393	0.003987	0.004038	0.004083	0.004123	0.00416	0.004194	0.004224	0.004251	0.004276	0.004298	0.004318	0.004336	0.004352	0.004367	0.004381	0.004393	0.004404	0.004414	0.004422	0.00443	0.004438	0.004444	0.00445	0.004456	0.004461	0.004465	0.004469	0.004473	0.004476	0.004479	0.004481	0.004483	0.004485	0.004486	0.004487	0.004488	0.004488	0.004488	0.004488	0.004488	0.004487	0.004486	0.004522	0.004951	0.005548	0.006061	0.00657	0.007077	0.007581	0.008082	0.00858	0.009075	0.009567	0.010056	0.010543	0.011026	0.011507	0.011985	0.01246	0.012932	0.013402	0.013868	0.014332	0.014792	0.01525	0.015705	0.016157
P04807	Glycolysis	0	0	0	0	0	0	0	0	0	0	0	0	0	0	0	0	0	0	0	0	0	0	0	0	0	0	0	0	0	0	0	0	0	0	0	0	0	0	0	0	0	0	0	0	0	0	0	0	0	0	0	0	0	0	0	0	0	0	0	0	0	0	0	0	0	0	0	0	0	0	0	0	0	0	0	0	0	0	0	0	0
P05626	Oxidative Phosphorylation	0.01118	0.013016	0.014354	0.015372	0.01618	0.016853	0.017413	0.017884	0.018286	0.018633	0.018937	0.019204	0.019441	0.019654	0.019845	0.020018	0.020175	0.020319	0.020456	0.020584	0.020703	0.020813	0.020916	0.021011	0.021101	0.021185	0.021264	0.021339	0.021409	0.021476	0.021539	0.021599	0.021656	0.021711	0.021763	0.021812	0.021861	0.021909	0.021956	0.022	0.022044	0.022087	0.022128	0.022168	0.022207	0.022244	0.02228	0.022314	0.022348	0.02238	0.022412	0.022442	0.022471	0.0225	0.022528	0.022555	0.022579	0.022391	0.021788	0.021273	0.020762	0.020254	0.019748	0.019246	0.018746	0.01825	0.017756	0.017266	0.016779	0.016294	0.015813	0.015335	0.014859	0.014387	0.013918	0.013451	0.012988	0.012528	0.01207	0.011616	0.011165
P06169	Anaerobic excretion	1e-06	0.000203	0.00035	0.00046	0.000546	0.000615	0.000672	0.000718	0.000757	0.000791	0.000819	0.000843	0.000864	0.000883	0.000899	0.000913	0.000925	0.000936	0.000946	0.000955	0.000963	0.00097	0.000976	0.000981	0.000986	0.00099	0.000994	0.000997	0.001	0.001003	0.001005	0.001007	0.001008	0.00101	0.001011	0.001012	0.001012	0.001013	0.001013	0.001014	0.001014	0.001014	0.001014	0.001014	0.001013	0.001013	0.001012	0.001012	0.001011	0.00101	0.001009	0.001008	0.001007	0.001006	0.001005	0.001004	0.001488	0.006885	0.012988	0.018158	0.023296	0.028402	0.033477	0.03852	0.043532	0.048512	0.05346	0.058377	0.063262	0.068115	0.072937	0.077728	0.082486	0.087213	0.091909	0.096572	0.101205	0.105805	0.110374	0.114911	0.119417
P07143	Oxidative Phosphorylation	0.01781	0.020746	0.022884	0.024512	0.025803	0.026878	0.027772	0.028525	0.029167	0.029722	0.030207	0.030634	0.031013	0.031352	0.031657	0.031934	0.032185	0.032415	0.032633	0.032838	0.033027	0.033203	0.033367	0.03352	0.033663	0.033797	0.033923	0.034042	0.034155	0.034261	0.034362	0.034458	0.034549	0.034635	0.034718	0.034797	0.034875	0.034952	0.035025	0.035096	0.035166	0.035234	0.035301	0.035364	0.035426	0.035485	0.035542	0.035597	0.03565	0.035702	0.035752	0.0358	0.035847	0.035892	0.035937	0.035979	0.036018	0.035604	0.034644	0.033825	0.033012	0.032203	0.031399	0.0306	0.029805	0.029016	0.028231	0.027451	0.026676	0.025905	0.025139	0.024379	0.023623	0.022871	0.022125	0.021383	0.020646	0.019914	0.019187	0.018465	0.017747
P07170	Salvage pathways // Salvage pathways	0	0	0	0	0	0	0	0	0	0	0	0	0	0	0	0	0	0	0	0	0	0	0	0	0	0	0	0	0	0	0	0	0	0	0	0	0	0	0	0	0	0	0	0	0	0	0	0	0	0	0	0	0	0	0	0	0	0	0	0	0	0	0	0	0	0	0	0	0	0	0	0	0	0	0	0	0	0	0	0	0
P07251	Oxidative Phosphorylation	0.024336	0.028332	0.031244	0.033461	0.03522	0.036684	0.037902	0.038928	0.039803	0.04056	0.04122	0.041802	0.042319	0.042781	0.043197	0.043573	0.043916	0.044229	0.044527	0.044806	0.045064	0.045304	0.045527	0.045736	0.045931	0.046114	0.046287	0.046449	0.046602	0.046748	0.046885	0.047016	0.04714	0.047258	0.047371	0.047479	0.047585	0.04769	0.047791	0.047888	0.047983	0.048077	0.048167	0.048254	0.048338	0.048419	0.048497	0.048572	0.048645	0.048716	0.048784	0.04885	0.048914	0.048976	0.049037	0.049095	0.049149	0.04874	0.047426	0.046306	0.045193	0.044086	0.042986	0.041892	0.040805	0.039725	0.038651	0.037583	0.036522	0.035468	0.03442	0.033379	0.032344	0.031316	0.030295	0.02928	0.028271	0.027269	0.026274	0.025285	0.024303
P07255	Oxidative Phosphorylation // Oxidative Phosphorylation	0.001155	0.001346	0.001484	0.00159	0.001674	0.001743	0.001801	0.00185	0.001892	0.001928	0.001959	0.001987	0.002012	0.002034	0.002053	0.002071	0.002088	0.002103	0.002117	0.00213	0.002142	0.002154	0.002164	0.002174	0.002184	0.002192	0.0022	0.002208	0.002215	0.002222	0.002229	0.002235	0.002241	0.002247	0.002252	0.002257	0.002262	0.002267	0.002272	0.002276	0.002281	0.002285	0.00229	0.002294	0.002298	0.002302	0.002305	0.002309	0.002312	0.002316	0.002319	0.002322	0.002325	0.002328	0.002331	0.002334	0.002336	0.002309	0.002247	0.002194	0.002141	0.002089	0.002037	0.001985	0.001933	0.001882	0.001831	0.001781	0.00173	0.00168	0.001631	0.001581	0.001532	0.001484	0.001435	0.001387	0.001339	0.001292	0.001245	0.001198	0.001151
P07256	Oxidative Phosphorylation	0.026268	0.030599	0.033752	0.036153	0.038058	0.039643	0.040961	0.042072	0.043019	0.043838	0.044553	0.045183	0.045742	0.046242	0.046692	0.0471	0.04747	0.047809	0.048131	0.048433	0.048712	0.048972	0.049213	0.049439	0.04965	0.049848	0.050034	0.05021	0.050376	0.050532	0.050681	0.050822	0.050956	0.051084	0.051206	0.051323	0.051437	0.051551	0.051659	0.051764	0.051866	0.051968	0.052065	0.052159	0.05225	0.052337	0.052421	0.052503	0.052581	0.052657	0.052731	0.052802	0.052871	0.052938	0.053003	0.053067	0.053124	0.052513	0.051097	0.04989	0.04869	0.047497	0.046311	0.045132	0.04396	0.042796	0.041638	0.040488	0.039344	0.038208	0.037079	0.035957	0.034841	0.033733	0.032632	0.031539	0.030452	0.029372	0.028299	0.027234	0.026175
P07257	Oxidative Phosphorylation	0.021169	0.02466	0.0272	0.029135	0.03067	0.031948	0.03301	0.033905	0.034669	0.035329	0.035905	0.036412	0.036863	0.037266	0.037629	0.037957	0.038256	0.038529	0.038788	0.039032	0.039257	0.039466	0.03966	0.039842	0.040012	0.040172	0.040322	0.040464	0.040597	0.040724	0.040843	0.040957	0.041065	0.041168	0.041266	0.04136	0.041453	0.041544	0.041632	0.041716	0.041799	0.04188	0.041959	0.042035	0.042108	0.042178	0.042246	0.042311	0.042375	0.042436	0.042495	0.042553	0.042609	0.042663	0.042715	0.042766	0.042812	0.04232	0.041178	0.040206	0.039239	0.038277	0.037322	0.036372	0.035427	0.034489	0.033556	0.032629	0.031707	0.030791	0.029881	0.028977	0.028078	0.027185	0.026298	0.025417	0.024541	0.023671	0.022806	0.021948	0.021095
P08067	Oxidative Phosphorylation	0.012219	0.014234	0.015701	0.016818	0.017704	0.018441	0.019055	0.019571	0.020012	0.020393	0.020725	0.021018	0.021278	0.021511	0.02172	0.02191	0.022082	0.02224	0.02239	0.02253	0.02266	0.022781	0.022893	0.022998	0.023096	0.023188	0.023275	0.023357	0.023434	0.023507	0.023576	0.023642	0.023704	0.023763	0.02382	0.023874	0.023928	0.02398	0.024031	0.02408	0.024127	0.024174	0.02422	0.024264	0.024306	0.024346	0.024385	0.024423	0.02446	0.024495	0.02453	0.024563	0.024595	0.024626	0.024656	0.024686	0.024712	0.024428	0.023769	0.023208	0.02265	0.022095	0.021543	0.020995	0.02045	0.019908	0.019369	0.018834	0.018302	0.017774	0.017248	0.016726	0.016208	0.015692	0.01518	0.014671	0.014166	0.013663	0.013164	0.012669	0.012176
P08417	TCA // TCA	0.000492	0.000537	0.000569	0.000594	0.000614	0.000631	0.000646	0.000658	0.000669	0.000678	0.000686	0.000694	0.0007	0.000706	0.000712	0.000717	0.000722	0.000726	0.00073	0.000734	0.000738	0.000742	0.000745	0.000748	0.000752	0.000754	0.000757	0.00076	0.000763	0.000765	0.000767	0.00077	0.000772	0.000774	0.000776	0.000778	0.00078	0.000782	0.000784	0.000786	0.000788	0.00079	0.000792	0.000794	0.000795	0.000797	0.000799	0.0008	0.000802	0.000804	0.000805	0.000807	0.000808	0.00081	0.000811	0.000812	0.000809	0.000761	0.000731	0.000705	0.00068	0.000654	0.000628	0.000603	0.000578	0.000553	0.000528	0.000503	0.000478	0.000454	0.000429	0.000405	0.000381	0.000357	0.000333	0.000309	0.000286	0.000262	0.000239	0.000215	0.000192
P08431	Galactose metabolism // Galactose metabolism	0	0	0	0	0	0	0	0	0	0	0	0	0	0	0	0	0	0	0	0	0	0	0	0	0	0	0	0	0	0	0	0	0	0	0	0	0	0	0	0	0	0	0	0	0	0	0	0	0	0	0	0	0	0	0	0	0	0	0	0	0	0	0	0	0	0	0	0	0	0	0	0	0	0	0	0	0	0	0	0	0
P08525	Oxidative Phosphorylation	0.005739	0.006686	0.007375	0.007899	0.008315	0.008662	0.00895	0.009192	0.009399	0.009578	0.009735	0.009872	0.009994	0.010104	0.010202	0.010291	0.010372	0.010446	0.010516	0.010582	0.010643	0.0107	0.010753	0.010802	0.010848	0.010891	0.010932	0.010971	0.011007	0.011041	0.011074	0.011104	0.011134	0.011162	0.011188	0.011214	0.011239	0.011264	0.011287	0.01131	0.011333	0.011355	0.011376	0.011397	0.011416	0.011435	0.011454	0.011472	0.011489	0.011505	0.011521	0.011537	0.011552	0.011567	0.011581	0.011595	0.011607	0.011474	0.011164	0.010901	0.010638	0.010378	0.010119	0.009861	0.009605	0.009351	0.009098	0.008846	0.008597	0.008348	0.008101	0.007856	0.007613	0.007371	0.00713	0.006891	0.006654	0.006418	0.006183	0.00595	0.005719
P09201	Glycolysis	0	0	0	0	0	0	0	0	0	0	0	0	0	0	0	0	0	0	0	0	0	0	0	0	0	0	0	0	0	0	0	0	0	0	0	0	0	0	0	0	0	0	0	0	0	0	0	0	0	0	0	0	0	0	0	0	0	0	0	0	0	0	0	0	0	0	0	0	0	0	0	0	0	0	0	0	0	0	0	0	0
P09457	Oxidative Phosphorylation	0.009473	0.011029	0.012162	0.013025	0.01371	0.01428	0.014754	0.015153	0.015494	0.015789	0.016046	0.016272	0.016473	0.016653	0.016815	0.016962	0.017095	0.017217	0.017333	0.017441	0.017542	0.017635	0.017722	0.017803	0.01788	0.017951	0.018018	0.018081	0.018141	0.018197	0.018251	0.018302	0.01835	0.018396	0.01844	0.018482	0.018523	0.018564	0.018604	0.018641	0.018678	0.018715	0.01875	0.018784	0.018816	0.018848	0.018878	0.018908	0.018936	0.018963	0.01899	0.019016	0.019041	0.019065	0.019088	0.019111	0.019132	0.018973	0.018462	0.018026	0.017592	0.017161	0.016733	0.016307	0.015884	0.015464	0.015045	0.01463	0.014217	0.013807	0.013399	0.012993	0.012591	0.01219	0.011793	0.011398	0.011005	0.010615	0.010228	0.009843	0.00946
P09624	Other	0.012433	0.014635	0.016262	0.0175	0.01848	0.019294	0.01997	0.020538	0.021023	0.021441	0.021805	0.022125	0.022409	0.022663	0.02289	0.023096	0.023282	0.023453	0.023614	0.023765	0.023904	0.024033	0.024153	0.024265	0.024369	0.024466	0.024558	0.024644	0.024725	0.024801	0.024874	0.024942	0.025007	0.025068	0.025127	0.025183	0.025238	0.025292	0.025343	0.025393	0.025441	0.025489	0.025535	0.02558	0.025622	0.025663	0.025702	0.02574	0.025776	0.025811	0.025845	0.025878	0.02591	0.02594	0.02597	0.025998	0.025717	0.024598	0.023939	0.02338	0.022824	0.022272	0.021722	0.021177	0.020634	0.020095	0.019559	0.019027	0.018498	0.017972	0.017449	0.01693	0.016415	0.015902	0.015393	0.014888	0.014385	0.013886	0.013391	0.012899	0.01241
P0CX10	Glycolysis // Glycolysis	0	0	0	0	0	0	0	0	0	0	0	0	0	0	0	0	0	0	0	0	0	0	0	0	0	0	0	0	0	0	0	0	0	0	0	0	0	0	0	0	0	0	0	0	0	0	0	0	0	0	0	0	0	0	0	0	0	0	0	0	0	0	0	0	0	0	0	0	0	0	0	0	0	0	0	0	0	0	0	0	0
P0CX11	Glycolysis // Glycolysis	0	0	0	0	0	0	0	0	0	0	0	0	0	0	0	0	0	0	0	0	0	0	0	0	0	0	0	0	0	0	0	0	0	0	0	0	0	0	0	0	0	0	0	0	0	0	0	0	0	0	0	0	0	0	0	0	0	0	0	0	0	0	0	0	0	0	0	0	0	0	0	0	0	0	0	0	0	0	0	0	0
P10174	Oxidative Phosphorylation	0.000666	0.000933	0.001128	0.001277	0.001394	0.001492	0.001574	0.001642	0.0017	0.001751	0.001795	0.001833	0.001868	0.001898	0.001926	0.001951	0.001973	0.001994	0.002014	0.002032	0.002049	0.002065	0.00208	0.002093	0.002106	0.002118	0.002129	0.00214	0.00215	0.002159	0.002168	0.002177	0.002185	0.002193	0.0022	0.002207	0.002214	0.00222	0.002227	0.002233	0.002239	0.002245	0.002251	0.002257	0.002262	0.002267	0.002272	0.002277	0.002281	0.002286	0.00229	0.002294	0.002299	0.002302	0.002306	0.00231	0.002313	0.002287	0.002226	0.002173	0.002121	0.00207	0.002018	0.001967	0.001916	0.001866	0.001815	0.001766	0.001716	0.001667	0.001618	0.001569	0.001521	0.001473	0.001425	0.001377	0.00133	0.001283	0.001237	0.001191	0.001145
P10963	Other	0	0	0	0	0	0	0	0	0	0	0	0	0	0	0	0	0	0	0	0	0	0	0	0	0	0	0	0	0	0	0	0	0	0	0	0	0	0	0	0	0	0	0	0	0	0	0	0	0	0	0	0	0	0	0	0	0	0	0	0	0	0	0	0	0	0	0	0	0	0	0	0	0	0	0	0	0	0	0	0	0
P11154	TCA	0	0.001746	0.002964	0.00388	0.004595	0.00517	0.005639	0.006028	0.006353	0.006629	0.006864	0.007067	0.007242	0.007395	0.007528	0.007645	0.007748	0.007839	0.007921	0.007995	0.00806	0.008118	0.008169	0.008215	0.008256	0.008291	0.008323	0.008351	0.008375	0.008396	0.008415	0.00843	0.008444	0.008455	0.008464	0.008472	0.008478	0.008483	0.008487	0.008489	0.008491	0.008491	0.008491	0.008489	0.008487	0.008484	0.008479	0.008474	0.008468	0.008462	0.008455	0.008447	0.008439	0.00843	0.00842	0.00841	0.008759	0.008916	0.009072	0.009229	0.009385	0.009542	0.009698	0.009854	0.010011	0.010167	0.010324	0.01048	0.010637	0.010793	0.01095	0.011106	0.011262	0.011419	0.011575	0.011732	0.011888	0.012045	0.012201	0.012358	0.012514
P11412	pentose phosphate	0	0.000103	0.000178	0.000234	0.000278	0.000313	0.000342	0.000366	0.000386	0.000403	0.000417	0.00043	0.00044	0.00045	0.000458	0.000465	0.000471	0.000477	0.000482	0.000486	0.00049	0.000494	0.000497	0.0005	0.000502	0.000505	0.000506	0.000508	0.00051	0.000511	0.000512	0.000513	0.000514	0.000514	0.000515	0.000515	0.000516	0.000516	0.000516	0.000517	0.000517	0.000517	0.000517	0.000516	0.000516	0.000516	0.000516	0.000515	0.000515	0.000515	0.000514	0.000514	0.000513	0.000513	0.000512	0.000511	0.00049	0.000322	0.000331	0.00034	0.000349	0.000358	0.000367	0.000377	0.000386	0.000395	0.000404	0.000413	0.000422	0.000431	0.000441	0.00045	0.000459	0.000468	0.000477	0.000486	0.000495	0.000505	0.000514	0.000523	0.000532
P12695	Other	0.000866	0.001019	0.001132	0.001218	0.001287	0.001343	0.00139	0.00143	0.001464	0.001493	0.001518	0.00154	0.00156	0.001578	0.001594	0.001608	0.001621	0.001633	0.001644	0.001654	0.001664	0.001673	0.001681	0.001689	0.001696	0.001703	0.00171	0.001716	0.001721	0.001727	0.001732	0.001736	0.001741	0.001745	0.001749	0.001753	0.001757	0.001761	0.001764	0.001768	0.001771	0.001774	0.001778	0.001781	0.001784	0.001787	0.001789	0.001792	0.001794	0.001797	0.001799	0.001802	0.001804	0.001806	0.001808	0.00181	0.00179	0.001712	0.001667	0.001628	0.001589	0.00155	0.001512	0.001474	0.001436	0.001399	0.001362	0.001325	0.001288	0.001251	0.001215	0.001179	0.001143	0.001107	0.001072	0.001036	0.001001	0.000967	0.000932	0.000898	0.000864
P12709	Glycolysis // Glycolysis	0.000429	0.000574	0.000678	0.000758	0.00082	0.000871	0.000913	0.000948	0.000978	0.001003	0.001025	0.001044	0.001061	0.001076	0.001089	0.001101	0.001111	0.001121	0.00113	0.001138	0.001145	0.001152	0.001158	0.001164	0.001169	0.001174	0.001178	0.001182	0.001186	0.00119	0.001193	0.001196	0.001199	0.001201	0.001204	0.001206	0.001208	0.00121	0.001212	0.001214	0.001215	0.001217	0.001219	0.00122	0.001221	0.001223	0.001224	0.001225	0.001226	0.001227	0.001228	0.001229	0.001229	0.00123	0.001231	0.001231	0.001269	0.001624	0.001882	0.002102	0.002319	0.002536	0.002751	0.002965	0.003178	0.003389	0.003599	0.003808	0.004015	0.004222	0.004426	0.00463	0.004832	0.005033	0.005232	0.005431	0.005627	0.005823	0.006017	0.00621	0.006402
P14540	Glycolysis // Glycolysis	0.005845	0.008175	0.009863	0.01114	0.012142	0.012961	0.013634	0.014196	0.01467	0.015076	0.015425	0.015729	0.015995	0.01623	0.016438	0.016623	0.016789	0.016938	0.017076	0.017203	0.017317	0.017422	0.017517	0.017604	0.017684	0.017757	0.017823	0.017885	0.017941	0.017993	0.018041	0.018085	0.018125	0.018163	0.018197	0.018229	0.018259	0.018289	0.018316	0.018341	0.018364	0.018387	0.018409	0.018428	0.018446	0.018462	0.018478	0.018491	0.018504	0.018515	0.018526	0.018535	0.018544	0.018551	0.018558	0.018564	0.01888	0.022171	0.025716	0.028734	0.031734	0.034717	0.037682	0.040628	0.043557	0.046468	0.049362	0.052237	0.055095	0.057934	0.060756	0.06356	0.066346	0.069114	0.071865	0.074597	0.077312	0.080009	0.082688	0.085349	0.087992
P15019	pentose phosphate // pentose phosphate	0	0.000392	0.000675	0.000888	0.001054	0.001188	0.001297	0.001387	0.001463	0.001527	0.001581	0.001628	0.001669	0.001704	0.001735	0.001763	0.001786	0.001808	0.001827	0.001844	0.001859	0.001872	0.001884	0.001895	0.001904	0.001912	0.00192	0.001926	0.001932	0.001936	0.001941	0.001944	0.001947	0.00195	0.001952	0.001954	0.001955	0.001956	0.001957	0.001957	0.001958	0.001958	0.001958	0.001957	0.001957	0.001956	0.001955	0.001954	0.001952	0.001951	0.001949	0.001947	0.001945	0.001943	0.001941	0.001938	0.001856	0.001214	0.001249	0.001284	0.001318	0.001353	0.001388	0.001422	0.001457	0.001492	0.001526	0.001561	0.001596	0.00163	0.001665	0.001699	0.001734	0.001769	0.001803	0.001838	0.001873	0.001907	0.001942	0.001977	0.002011
P16387	Other	0.010668	0.012557	0.013954	0.015016	0.015857	0.016555	0.017135	0.017623	0.018038	0.018397	0.01871	0.018984	0.019228	0.019446	0.019641	0.019817	0.019977	0.020123	0.020262	0.020391	0.020511	0.020622	0.020724	0.02082	0.02091	0.020993	0.021072	0.021146	0.021215	0.021281	0.021343	0.021401	0.021457	0.02151	0.02156	0.021608	0.021655	0.021702	0.021746	0.021788	0.02183	0.021871	0.021911	0.021948	0.021985	0.02202	0.022054	0.022086	0.022117	0.022147	0.022176	0.022204	0.022232	0.022258	0.022283	0.022308	0.022067	0.021106	0.020541	0.020061	0.019584	0.01911	0.018639	0.018171	0.017705	0.017242	0.016783	0.016326	0.015872	0.015421	0.014972	0.014527	0.014085	0.013645	0.013208	0.012774	0.012343	0.011915	0.01149	0.011068	0.010648
P16451	Other	0.000758	0.000892	0.000991	0.001066	0.001126	0.001176	0.001217	0.001252	0.001281	0.001307	0.001329	0.001348	0.001366	0.001381	0.001395	0.001408	0.001419	0.001429	0.001439	0.001448	0.001457	0.001465	0.001472	0.001479	0.001485	0.001491	0.001497	0.001502	0.001507	0.001511	0.001516	0.00152	0.001524	0.001528	0.001531	0.001535	0.001538	0.001541	0.001544	0.001547	0.00155	0.001553	0.001556	0.001559	0.001561	0.001564	0.001566	0.001569	0.001571	0.001573	0.001575	0.001577	0.001579	0.001581	0.001583	0.001584	0.001567	0.001499	0.001459	0.001425	0.001391	0.001357	0.001324	0.001291	0.001257	0.001225	0.001192	0.00116	0.001127	0.001095	0.001063	0.001032	0.001	0.000969	0.000938	0.000907	0.000877	0.000846	0.000816	0.000786	0.000756
P16467	Anaerobic excretion	0	0	0	0	0	0	0	0	0	0	0	0	0	0	0	0	0	0	0	0	0	0	0	0	0	0	0	0	0	0	0	0	0	0	0	0	0	0	0	0	0	0	0	0	0	0	0	0	0	0	0	0	0	0	0	0	0	0	0	0	0	0	0	0	0	0	0	0	0	0	0	0	0	0	0	0	0	0	0	0	0
P16861	Glycolysis	0	0	0	0	0	0	0	0	0	0	0	0	0	0	0	0	0	0	0	0	0	0	0	0	0	0	0	0	0	0	0	0	0	0	0	0	0	0	0	0	0	0	0	0	0	0	0	0	0	0	0	0	0	0	0	0	0	0	0	0	0	0	0	0	0	0	0	0	0	0	0	0	0	0	0	0	0	0	0	0	0
P16862	Glycolysis // Glycolysis	0.001405	0.001965	0.002371	0.002678	0.002919	0.003116	0.003277	0.003412	0.003526	0.003624	0.003708	0.003781	0.003845	0.003901	0.003951	0.003996	0.004036	0.004072	0.004105	0.004135	0.004163	0.004188	0.004211	0.004232	0.004251	0.004268	0.004284	0.004299	0.004313	0.004325	0.004337	0.004347	0.004357	0.004366	0.004374	0.004382	0.004389	0.004396	0.004403	0.004409	0.004414	0.00442	0.004425	0.00443	0.004434	0.004438	0.004442	0.004445	0.004448	0.004451	0.004453	0.004456	0.004458	0.004459	0.004461	0.004462	0.004538	0.005329	0.006182	0.006907	0.007628	0.008345	0.009058	0.009766	0.01047	0.01117	0.011866	0.012557	0.013244	0.013926	0.014605	0.015279	0.015948	0.016614	0.017275	0.017932	0.018584	0.019233	0.019877	0.020516	0.021152
P17505	TCA // TCA	0.001795	0.001959	0.002082	0.002177	0.002254	0.002319	0.002373	0.00242	0.00246	0.002495	0.002526	0.002554	0.002579	0.002602	0.002622	0.002641	0.002659	0.002675	0.002691	0.002706	0.00272	0.002734	0.002746	0.002758	0.00277	0.00278	0.002791	0.002801	0.00281	0.002819	0.002828	0.002837	0.002845	0.002853	0.00286	0.002868	0.002875	0.002882	0.002889	0.002896	0.002903	0.00291	0.002917	0.002923	0.00293	0.002936	0.002942	0.002948	0.002954	0.00296	0.002965	0.002971	0.002976	0.002981	0.002986	0.002991	0.00295	0.002775	0.002666	0.002572	0.002478	0.002384	0.002291	0.002199	0.002107	0.002016	0.001925	0.001834	0.001744	0.001655	0.001565	0.001477	0.001389	0.001301	0.001214	0.001127	0.001041	0.000956	0.00087	0.000786	0.000701
P17709	Glycolysis	0	0	0	0	0	0	0	0	0	0	0	0	0	0	0	0	0	0	0	0	0	0	0	0	0	0	0	0	0	0	0	0	0	0	0	0	0	0	0	0	0	0	0	0	0	0	0	0	0	0	0	0	0	0	0	0	0	0	0	0	0	0	0	0	0	0	0	0	0	0	0	0	0	0	0	0	0	0	0	0	0
P19414	TCA // TCA	0.005712	0.00626	0.006662	0.006971	0.007219	0.007429	0.007607	0.007758	0.007888	0.008002	0.008102	0.008192	0.008273	0.008346	0.008413	0.008475	0.008531	0.008584	0.008635	0.008683	0.008729	0.008772	0.008812	0.008851	0.008887	0.008922	0.008955	0.008987	0.009017	0.009047	0.009075	0.009102	0.009128	0.009153	0.009178	0.009201	0.009225	0.009248	0.009271	0.009293	0.009315	0.009337	0.009359	0.00938	0.0094	0.00942	0.009439	0.009458	0.009476	0.009495	0.009512	0.00953	0.009547	0.009563	0.00958	0.009596	0.009558	0.009003	0.008661	0.008363	0.008068	0.007774	0.007481	0.00719	0.0069	0.006612	0.006326	0.006041	0.005758	0.005476	0.005196	0.004917	0.00464	0.004364	0.00409	0.003817	0.003546	0.003277	0.003009	0.002742	0.002477
P19516	Oxidative Phosphorylation	0.137521	0.11532	0.099158	0.086871	0.077146	0.06909	0.062402	0.056786	0.052003	0.04788	0.044291	0.041137	0.038345	0.035856	0.033623	0.031609	0.029783	0.02812	0.026546	0.025077	0.023723	0.022471	0.02131	0.02023	0.019223	0.018283	0.017402	0.016576	0.015798	0.015067	0.014376	0.013724	0.013107	0.012522	0.011966	0.011438	0.01092	0.010409	0.009922	0.009457	0.009001	0.008552	0.008122	0.007709	0.007314	0.006935	0.006571	0.006221	0.005884	0.00556	0.005248	0.004948	0.004658	0.004378	0.004109	0.003848	0.003604	0.003425	0.003267	0.003128	0.002991	0.002854	0.002717	0.002582	0.002447	0.002313	0.002179	0.002046	0.001914	0.001782	0.001651	0.001521	0.001391	0.001262	0.001134	0.001006	0.000879	0.000753	0.000627	0.000502	0.000378
P20967	TCA	0.039459	0.042964	0.045453	0.047367	0.048911	0.050231	0.051346	0.052298	0.053121	0.053844	0.054484	0.055057	0.055574	0.056045	0.056476	0.056873	0.05724	0.057582	0.057916	0.058234	0.058535	0.058818	0.059087	0.059342	0.059585	0.059818	0.06004	0.060253	0.060458	0.060656	0.060846	0.06103	0.061207	0.061379	0.061547	0.061709	0.06187	0.062032	0.062189	0.062342	0.062495	0.062647	0.062795	0.06294	0.063081	0.063219	0.063355	0.063487	0.063617	0.063744	0.063868	0.063991	0.064111	0.064229	0.064344	0.064458	0.064842	0.060988	0.0586	0.056525	0.054461	0.052408	0.050365	0.048333	0.046312	0.044301	0.042301	0.040311	0.038333	0.036364	0.034407	0.03246	0.030523	0.028597	0.026682	0.024778	0.022884	0.021001	0.019128	0.017266	0.015415
P21306	Oxidative Phosphorylation	0.0028	0.003259	0.003594	0.00385	0.004052	0.00422	0.00436	0.004478	0.004579	0.004666	0.004742	0.004809	0.004869	0.004922	0.00497	0.005013	0.005052	0.005088	0.005123	0.005155	0.005184	0.005212	0.005238	0.005262	0.005284	0.005305	0.005325	0.005344	0.005361	0.005378	0.005394	0.005409	0.005423	0.005437	0.00545	0.005462	0.005474	0.005487	0.005498	0.005509	0.00552	0.005531	0.005541	0.005551	0.005561	0.00557	0.005579	0.005588	0.005596	0.005604	0.005612	0.00562	0.005627	0.005634	0.005641	0.005648	0.005654	0.005607	0.005456	0.005327	0.005199	0.005072	0.004945	0.004819	0.004694	0.00457	0.004447	0.004324	0.004202	0.00408	0.00396	0.00384	0.003721	0.003603	0.003485	0.003368	0.003252	0.003137	0.003023	0.002909	0.002796
P21801	TCA // TCA	0.001322	0.001441	0.001528	0.001595	0.001649	0.001695	0.001734	0.001767	0.001795	0.00182	0.001842	0.001862	0.00188	0.001896	0.001911	0.001925	0.001937	0.001949	0.001961	0.001971	0.001982	0.001991	0.002001	0.002009	0.002017	0.002025	0.002033	0.00204	0.002047	0.002054	0.00206	0.002066	0.002072	0.002078	0.002084	0.002089	0.002095	0.0021	0.002105	0.00211	0.002115	0.00212	0.002125	0.00213	0.002135	0.00214	0.002144	0.002148	0.002153	0.002157	0.002161	0.002165	0.002169	0.002173	0.002177	0.002181	0.002172	0.002043	0.001963	0.001893	0.001824	0.001755	0.001687	0.001619	0.001551	0.001484	0.001417	0.00135	0.001284	0.001218	0.001153	0.001087	0.001022	0.000958	0.000894	0.00083	0.000767	0.000703	0.000641	0.000578	0.000516
P21826	Anaplerotic reactions 	0	0	0	0	0	0	0	0	0	0	0	0	0	0	0	0	0	0	0	0	0	0	0	0	0	0	0	0	0	0	0	0	0	0	0	0	0	0	0	0	0	0	0	0	0	0	0	0	0	0	0	0	0	0	0	0	0	0	0	0	0	0	0	0	0	0	0	0	0	0	0	0	0	0	0	0	0	0	0	0	0
P21954	TCA // TCA	0.016501	0.018067	0.01918	0.020036	0.020724	0.02131	0.021804	0.022225	0.022589	0.022907	0.023189	0.023441	0.023668	0.023874	0.024062	0.024235	0.024394	0.024543	0.024687	0.024825	0.024954	0.025076	0.025191	0.025301	0.025405	0.025504	0.025599	0.02569	0.025777	0.025861	0.025942	0.026019	0.026095	0.026167	0.026238	0.026306	0.026374	0.026442	0.026508	0.026572	0.026636	0.026699	0.026761	0.026822	0.02688	0.026938	0.026994	0.027049	0.027103	0.027156	0.027208	0.027258	0.027308	0.027357	0.027405	0.027452	0.027613	0.02601	0.02502	0.024162	0.023307	0.022458	0.021612	0.020771	0.019935	0.019103	0.018275	0.017452	0.016634	0.015819	0.01501	0.014204	0.013403	0.012607	0.011815	0.011028	0.010244	0.009466	0.008692	0.007922	0.007157
P22289	Oxidative Phosphorylation	0.00391	0.004555	0.005024	0.005381	0.005665	0.005901	0.006097	0.006262	0.006403	0.006525	0.006632	0.006725	0.006809	0.006883	0.00695	0.007011	0.007066	0.007116	0.007164	0.007209	0.007251	0.007289	0.007325	0.007359	0.00739	0.00742	0.007447	0.007474	0.007498	0.007522	0.007544	0.007565	0.007585	0.007604	0.007622	0.007639	0.007656	0.007673	0.007689	0.007705	0.00772	0.007735	0.00775	0.007764	0.007777	0.00779	0.007803	0.007815	0.007827	0.007838	0.007849	0.00786	0.00787	0.00788	0.007889	0.007899	0.007907	0.007816	0.007606	0.007426	0.007247	0.00707	0.006893	0.006718	0.006543	0.00637	0.006198	0.006027	0.005856	0.005687	0.005519	0.005352	0.005186	0.005021	0.004857	0.004694	0.004533	0.004372	0.004212	0.004054	0.003896
P23254	pentose phosphate // pentose phosphate // pentose phosphate // pentose phosphate	0	0.000675	0.001162	0.001529	0.001815	0.002045	0.002233	0.002388	0.002518	0.002628	0.002722	0.002803	0.002873	0.002934	0.002987	0.003034	0.003075	0.003111	0.003144	0.003174	0.0032	0.003223	0.003243	0.003261	0.003278	0.003292	0.003304	0.003315	0.003325	0.003333	0.003341	0.003347	0.003352	0.003357	0.00336	0.003363	0.003365	0.003367	0.003369	0.00337	0.00337	0.00337	0.00337	0.003369	0.003368	0.003367	0.003365	0.003363	0.003361	0.003358	0.003355	0.003352	0.003348	0.003345	0.003341	0.003337	0.003166	0.001836	0.001895	0.001955	0.002015	0.002074	0.002134	0.002194	0.002253	0.002313	0.002373	0.002432	0.002492	0.002552	0.002611	0.002671	0.00273	0.00279	0.00285	0.002909	0.002969	0.003029	0.003088	0.003148	0.003208
P26263	Anaerobic excretion	0	0	0	0	0	0	0	0	0	0	0	0	0	0	0	0	0	0	0	0	0	0	0	0	0	0	0	0	0	0	0	0	0	0	0	0	0	0	0	0	0	0	0	0	0	0	0	0	0	0	0	0	0	0	0	0	0	0	0	0	0	0	0	0	0	0	0	0	0	0	0	0	0	0	0	0	0	0	0	0	0
P28240	Anaplerotic reactions 	0	5.4e-05	0.000185	0.000283	0.00036	0.000422	0.000472	0.000513	0.000547	0.000577	0.000601	0.000623	0.000641	0.000657	0.000671	0.000683	0.000693	0.000703	0.000711	0.000718	0.000725	0.00073	0.000735	0.00074	0.000743	0.000747	0.00075	0.000752	0.000754	0.000756	0.000757	0.000759	0.000759	0.00076	0.000761	0.000761	0.000761	0.000761	0.000761	0.000761	0.00076	0.00076	0.000759	0.000759	0.000758	0.000757	0.000756	0.000755	0.000754	0.000753	0.000751	0.00075	0.000749	0.000747	0.000746	0.000744	2e-06	2e-06	2e-06	2e-06	2e-06	2e-06	2e-06	2e-06	2e-06	2e-06	2e-06	2e-06	2e-06	2e-06	2e-06	2e-06	2e-06	2e-06	2e-06	2e-06	2e-06	2e-06	2e-06	2e-06	2e-06
P30902	Oxidative Phosphorylation	0.008226	0.009576	0.01056	0.01131	0.011904	0.012399	0.012811	0.013158	0.013453	0.013709	0.013932	0.014129	0.014304	0.01446	0.0146	0.014728	0.014843	0.014949	0.01505	0.015144	0.015232	0.015313	0.015388	0.015459	0.015525	0.015587	0.015645	0.0157	0.015752	0.015801	0.015847	0.015891	0.015933	0.015973	0.016011	0.016048	0.016084	0.016119	0.016153	0.016186	0.016218	0.01625	0.01628	0.01631	0.016338	0.016366	0.016392	0.016417	0.016442	0.016466	0.016489	0.016511	0.016533	0.016554	0.016574	0.016594	0.016612	0.016474	0.01603	0.015652	0.015275	0.014901	0.014529	0.01416	0.013792	0.013427	0.013064	0.012703	0.012344	0.011988	0.011634	0.011282	0.010932	0.010585	0.01024	0.009896	0.009556	0.009217	0.008881	0.008546	0.008214
P30952	Anaplerotic reactions 	0	3.7e-05	0.000128	0.000196	0.000249	0.000292	0.000326	0.000355	0.000379	0.000399	0.000416	0.000431	0.000443	0.000454	0.000464	0.000472	0.00048	0.000486	0.000492	0.000497	0.000501	0.000505	0.000509	0.000512	0.000514	0.000517	0.000519	0.00052	0.000522	0.000523	0.000524	0.000525	0.000525	0.000526	0.000526	0.000526	0.000526	0.000526	0.000526	0.000526	0.000526	0.000526	0.000525	0.000525	0.000524	0.000524	0.000523	0.000522	0.000521	0.000521	0.00052	0.000519	0.000518	0.000517	0.000516	0.000515	2e-06	1e-06	1e-06	1e-06	1e-06	1e-06	1e-06	1e-06	1e-06	1e-06	1e-06	1e-06	1e-06	1e-06	1e-06	1e-06	1e-06	1e-06	1e-06	1e-06	1e-06	1e-06	1e-06	1e-06	1e-06
P32327	TCA	0	0	0	0	0	0	0	0	0	0	0	0	0	0	0	0	0	0	0	0	0	0	0	0	0	0	0	0	0	0	0	0	0	0	0	0	0	0	0	0	0	0	0	0	0	0	0	0	0	0	0	0	0	0	0	0	0	0	0	0	0	0	0	0	0	0	0	0	0	0	0	0	0	0	0	0	0	0	0	0	0
P32340	Oxidative Phosphorylation	0.005489	0.006476	0.007195	0.007741	0.008174	0.008533	0.008831	0.009082	0.009296	0.009481	0.009642	0.009783	0.009908	0.01002	0.010121	0.010212	0.010294	0.010369	0.010441	0.010507	0.010569	0.010626	0.010679	0.010728	0.010774	0.010817	0.010858	0.010896	0.010932	0.010966	0.010998	0.011028	0.011056	0.011084	0.01111	0.011134	0.011159	0.011183	0.011205	0.011227	0.011249	0.01127	0.01129	0.01131	0.011329	0.011347	0.011364	0.011381	0.011397	0.011413	0.011428	0.011442	0.011456	0.01147	0.011483	0.011496	0.011517	0.011471	0.011183	0.010938	0.010694	0.010452	0.010212	0.009972	0.009735	0.009499	0.009264	0.009031	0.008799	0.008569	0.00834	0.008113	0.007888	0.007663	0.00744	0.007219	0.006999	0.006781	0.006564	0.006349	0.006135
P32473	Other	0.00922	0.010853	0.01206	0.012978	0.013705	0.014308	0.01481	0.015231	0.01559	0.0159	0.01617	0.016408	0.016619	0.016806	0.016975	0.017128	0.017266	0.017392	0.017512	0.017624	0.017727	0.017823	0.017912	0.017995	0.018072	0.018144	0.018212	0.018276	0.018336	0.018393	0.018446	0.018497	0.018545	0.018591	0.018634	0.018675	0.018716	0.018756	0.018795	0.018831	0.018867	0.018903	0.018937	0.01897	0.019001	0.019031	0.01906	0.019089	0.019116	0.019142	0.019167	0.019191	0.019214	0.019237	0.019259	0.01928	0.019072	0.018241	0.017753	0.017339	0.016926	0.016517	0.016109	0.015705	0.015302	0.014902	0.014505	0.01411	0.013718	0.013328	0.01294	0.012556	0.012173	0.011793	0.011416	0.011041	0.010668	0.010298	0.009931	0.009566	0.009203
P32799	Oxidative Phosphorylation	0.001442	0.002023	0.002445	0.002767	0.003022	0.003233	0.00341	0.003558	0.003684	0.003793	0.003889	0.003972	0.004047	0.004113	0.004173	0.004227	0.004276	0.004321	0.004364	0.004403	0.00444	0.004474	0.004506	0.004536	0.004564	0.00459	0.004614	0.004637	0.004659	0.004679	0.004698	0.004717	0.004734	0.004751	0.004767	0.004782	0.004797	0.004811	0.004825	0.004839	0.004852	0.004865	0.004878	0.00489	0.004901	0.004912	0.004923	0.004934	0.004944	0.004953	0.004963	0.004972	0.00498	0.004989	0.004997	0.005005	0.005012	0.004956	0.004823	0.004709	0.004596	0.004484	0.004373	0.004262	0.004152	0.004042	0.003934	0.003826	0.003718	0.003611	0.003505	0.0034	0.003295	0.003191	0.003087	0.002984	0.002882	0.002781	0.00268	0.00258	0.00248
P33315	pentose phosphate // pentose phosphate // pentose phosphate // pentose phosphate	0	0	0	0	0	0	0	0	0	0	0	0	0	0	0	0	0	0	0	0	0	0	0	0	0	0	0	0	0	0	0	0	0	0	0	0	0	0	0	0	0	0	0	0	0	0	0	0	0	0	0	0	0	0	0	0	0	0	0	0	0	0	0	0	0	0	0	0	0	0	0	0	0	0	0	0	0	0	0	0	0
P33401	Galactose metabolism // Galactose metabolism	0	0	0	0	0	0	0	0	0	0	0	0	0	0	0	0	0	0	0	0	0	0	0	0	0	0	0	0	0	0	0	0	0	0	0	0	0	0	0	0	0	0	0	0	0	0	0	0	0	0	0	0	0	0	0	0	0	0	0	0	0	0	0	0	0	0	0	0	0	0	0	0	0	0	0	0	0	0	0	0	0
P33421	TCA // TCA	0.000965	0.001052	0.001115	0.001164	0.001204	0.001237	0.001265	0.00129	0.00131	0.001329	0.001345	0.001359	0.001372	0.001384	0.001395	0.001405	0.001414	0.001423	0.001431	0.001439	0.001447	0.001454	0.00146	0.001467	0.001473	0.001478	0.001484	0.001489	0.001494	0.001499	0.001504	0.001508	0.001513	0.001517	0.001521	0.001525	0.001529	0.001533	0.001537	0.00154	0.001544	0.001548	0.001552	0.001555	0.001558	0.001562	0.001565	0.001568	0.001571	0.001575	0.001578	0.001581	0.001583	0.001586	0.001589	0.001592	0.001585	0.001491	0.001433	0.001382	0.001332	0.001281	0.001231	0.001182	0.001132	0.001083	0.001034	0.000986	0.000937	0.000889	0.000841	0.000794	0.000746	0.000699	0.000652	0.000606	0.00056	0.000514	0.000468	0.000422	0.000377
P37012	Galactose metabolism // Galactose metabolism	0	0	0	0	0	0	0	0	0	0	0	0	0	0	0	0	0	0	0	0	0	0	0	0	0	0	0	0	0	0	0	0	0	0	0	0	0	0	0	0	0	0	0	0	0	0	0	0	0	0	0	0	0	0	0	0	0	0	0	0	0	0	0	0	0	0	0	0	0	0	0	0	0	0	0	0	0	0	0	0	0
P37298	TCA // TCA	0.000885	0.000965	0.001023	0.001068	0.001104	0.001135	0.001161	0.001183	0.001202	0.001219	0.001234	0.001247	0.001259	0.00127	0.00128	0.001289	0.001298	0.001306	0.001313	0.00132	0.001327	0.001334	0.00134	0.001346	0.001351	0.001357	0.001362	0.001366	0.001371	0.001376	0.00138	0.001384	0.001388	0.001392	0.001396	0.001399	0.001403	0.001407	0.00141	0.001413	0.001417	0.00142	0.001424	0.001427	0.00143	0.001433	0.001436	0.001439	0.001442	0.001445	0.001448	0.00145	0.001453	0.001456	0.001458	0.001461	0.001455	0.001368	0.001315	0.001268	0.001222	0.001176	0.00113	0.001084	0.001039	0.000994	0.000949	0.000904	0.00086	0.000816	0.000772	0.000728	0.000685	0.000642	0.000599	0.000556	0.000513	0.000471	0.000429	0.000387	0.000346
P37299	Oxidative Phosphorylation	0.004494	0.005235	0.005774	0.006185	0.006511	0.006782	0.007008	0.007198	0.00736	0.0075	0.007622	0.00773	0.007825	0.007911	0.007988	0.008058	0.008121	0.008179	0.008234	0.008286	0.008334	0.008378	0.008419	0.008458	0.008494	0.008528	0.00856	0.00859	0.008618	0.008645	0.00867	0.008695	0.008718	0.008739	0.00876	0.00878	0.0088	0.008819	0.008838	0.008856	0.008873	0.008891	0.008907	0.008923	0.008939	0.008954	0.008968	0.008982	0.008996	0.009009	0.009021	0.009033	0.009045	0.009057	0.009068	0.009079	0.009088	0.008984	0.008742	0.008535	0.00833	0.008126	0.007923	0.007721	0.007521	0.007321	0.007123	0.006927	0.006731	0.006537	0.006343	0.006151	0.005961	0.005771	0.005583	0.005396	0.00521	0.005025	0.004841	0.004659	0.004478
P38077	Oxidative Phosphorylation	0.014264	0.016606	0.018312	0.019612	0.020643	0.021501	0.022215	0.022816	0.023329	0.023772	0.024159	0.0245	0.024803	0.025074	0.025318	0.025538	0.025739	0.025923	0.026097	0.026261	0.026412	0.026553	0.026684	0.026806	0.02692	0.027028	0.027129	0.027224	0.027314	0.027399	0.02748	0.027556	0.027629	0.027698	0.027764	0.027828	0.02789	0.027951	0.02801	0.028067	0.028123	0.028178	0.028231	0.028282	0.028331	0.028378	0.028424	0.028468	0.028511	0.028552	0.028592	0.028631	0.028669	0.028705	0.02874	0.028775	0.028806	0.028566	0.027797	0.02714	0.026488	0.025839	0.025194	0.024553	0.023916	0.023283	0.022653	0.022028	0.021406	0.020788	0.020174	0.019563	0.018957	0.018354	0.017756	0.017161	0.01657	0.015983	0.015399	0.01482	0.014244
P38113	Anaerobic excretion // Anaerobic excretion	0	0	0	0	0	0	0	0	0	0	0	0	0	0	0	0	0	0	0	0	0	0	0	0	0	0	0	0	0	0	0	0	0	0	0	0	0	0	0	0	0	0	0	0	0	0	0	0	0	0	0	0	0	0	0	0	0	0	0	0	0	0	0	0	0	0	0	0	0	0	0	0	0	0	0	0	0	0	0	0	0
P38720	pentose phosphate	0	0.001646	0.002834	0.003728	0.004424	0.004985	0.005443	0.005821	0.006139	0.006407	0.006637	0.006834	0.007005	0.007153	0.007283	0.007397	0.007497	0.007586	0.007666	0.007737	0.007801	0.007857	0.007907	0.007951	0.00799	0.008025	0.008056	0.008083	0.008106	0.008127	0.008144	0.008159	0.008172	0.008183	0.008192	0.008199	0.008205	0.008209	0.008213	0.008215	0.008216	0.008217	0.008216	0.008214	0.008212	0.008208	0.008204	0.008199	0.008193	0.008186	0.008179	0.008171	0.008163	0.008154	0.008144	0.008135	0.007785	0.005062	0.005208	0.005353	0.005498	0.005644	0.005789	0.005935	0.00608	0.006226	0.006371	0.006516	0.006662	0.006807	0.006953	0.007098	0.007243	0.007389	0.007534	0.00768	0.007825	0.007971	0.008116	0.008261	0.008407
P38824	Oxidative Phosphorylation	0.069955	0.058661	0.05044	0.04419	0.039243	0.035145	0.031743	0.028886	0.026453	0.024356	0.02253	0.020926	0.019506	0.018239	0.017103	0.016079	0.01515	0.014304	0.013504	0.012756	0.012067	0.011431	0.01084	0.010291	0.009779	0.0093	0.008852	0.008432	0.008036	0.007664	0.007313	0.006981	0.006667	0.00637	0.006087	0.005819	0.005555	0.005295	0.005047	0.004811	0.004579	0.00435	0.004131	0.003922	0.003721	0.003528	0.003342	0.003164	0.002993	0.002828	0.00267	0.002517	0.002369	0.002227	0.00209	0.001957	0.001833	0.001742	0.001662	0.001591	0.001521	0.001452	0.001382	0.001313	0.001245	0.001176	0.001108	0.001041	0.000973	0.000906	0.00084	0.000774	0.000708	0.000642	0.000577	0.000512	0.000447	0.000383	0.000319	0.000256	0.000192
P38858	pentose phosphate	0	0.003163	0.005446	0.007164	0.008503	0.00958	0.01046	0.011188	0.011797	0.012314	0.012754	0.013134	0.013462	0.013747	0.013997	0.014216	0.014408	0.014578	0.014732	0.014869	0.014991	0.015099	0.015195	0.015281	0.015356	0.015423	0.015482	0.015533	0.015578	0.015618	0.015652	0.015681	0.015706	0.015726	0.015743	0.015756	0.015768	0.015777	0.015784	0.015788	0.01579	0.015791	0.01579	0.015787	0.015781	0.015775	0.015766	0.015756	0.015745	0.015732	0.015718	0.015703	0.015687	0.01567	0.015652	0.015633	0.014972	0.009835	0.010114	0.010394	0.010673	0.010953	0.011232	0.011512	0.011791	0.012071	0.01235	0.01263	0.012909	0.013189	0.013468	0.013747	0.014027	0.014306	0.014586	0.014865	0.015145	0.015424	0.015704	0.015983	0.016263
P40047	Phenylalanine, tyrosine, and tryptophan biosynthesis (aromatic amino acids)	2e-06	0	0	0	0	0	0	0	0	0	0	0	0	0	0	0	0	0	0	0	0	0	0	0	0	0	0	0	0	0	0	0	0	0	0	0	0	0	0	0	0	0	0	0	0	0	0	0	0	0	0	0	0	0	0	0	0	0	0	0	0	0	0	0	0	0	0	0	0	0	0	0	0	0	0	0	0	0	0	0	0
P40106	Anaerobic excretion	0	0	0	0	0	0	0	0	0	0	0	0	0	0	0	0	0	0	0	0	0	0	0	0	0	0	0	0	0	0	0	0	0	0	0	0	0	0	0	0	0	0	0	0	0	0	0	0	0	0	0	0	0	0	0	0	0	0	0	0	0	0	0	0	0	0	0	0	0	0	0	0	0	0	0	0	0	0	0	0	0
P40215	Oxidative Phosphorylation	0	0	0	0	0	0	0	0	0	0	0	0	0	0	0	0	0	0	0	0	0	0	0	0	0	0	0	0	0	0	0	0	0	0	0	0	0	0	0	0	0	0	0	0	0	0	0	0	0	0	0	0	0	0	0	0	0	0	0	0	0	0	0	0	0	0	0	0	0	0	0	0	0	0	0	0	0	0	0	0	0
P41277	Anaerobic excretion	0	0	0	0	0	0	0	0	0	0	0	0	0	0	0	0	0	0	0	0	0	0	0	0	0	0	0	0	0	0	0	0	0	0	0	0	0	0	0	0	0	0	0	0	0	0	0	0	0	0	0	0	0	0	0	0	0	0	0	0	0	0	0	0	0	0	0	0	0	0	0	0	0	0	0	0	0	0	0	0	0
P41911	Anaerobic excretion	0	0	0	0	0	0	0	0	0	0	0	0	0	0	0	0	0	0	0	0	0	0	0	0	0	0	0	0	0	0	0	0	0	0	0	0	0	0	0	0	0	0	0	0	0	0	0	0	0	0	0	0	0	0	0	0	0	0	0	0	0	0	0	0	0	0	0	0	0	0	0	0	0	0	0	0	0	0	0	0	0
P42222	Glycolysis // Glycolysis	0.001972	0.002765	0.003339	0.003773	0.004114	0.004392	0.004622	0.004812	0.004974	0.005111	0.00523	0.005334	0.005424	0.005504	0.005575	0.005637	0.005694	0.005744	0.005791	0.005834	0.005873	0.005909	0.005941	0.00597	0.005997	0.006022	0.006045	0.006066	0.006085	0.006102	0.006119	0.006134	0.006147	0.00616	0.006172	0.006182	0.006193	0.006202	0.006212	0.00622	0.006228	0.006236	0.006243	0.00625	0.006256	0.006261	0.006266	0.006271	0.006275	0.006279	0.006282	0.006286	0.006288	0.006291	0.006293	0.006295	0.006385	0.007362	0.008559	0.009578	0.010592	0.011599	0.0126	0.013595	0.014584	0.015566	0.016543	0.017514	0.018479	0.019438	0.020391	0.021338	0.022278	0.023213	0.024142	0.025064	0.025981	0.026892	0.027796	0.028695	0.029587
P43635	TCA	0	0	0	0	0	0	0	0	0	0	0	0	0	0	0	0	0	0	0	0	0	0	0	0	0	0	0	0	0	0	0	0	0	0	0	0	0	0	0	0	0	0	0	0	0	0	0	0	0	0	0	0	0	0	0	0	0	0	0	0	0	0	0	0	0	0	0	0	0	0	0	0	0	0	0	0	0	0	0	0	0
P46367	Phenylalanine, tyrosine, and tryptophan biosynthesis (aromatic amino acids)	0	0	0	0	0	0	0	0	0	0	0	0	0	0	0	0	0	0	0	0	0	0	0	0	0	0	0	0	0	0	0	0	0	0	0	0	0	0	0	0	0	0	0	0	0	0	0	0	0	0	0	0	0	0	0	0	0	0	0	0	0	0	0	0	0	0	0	0	0	0	0	0	0	0	0	0	0	0	0	0	0
P46969	pentose phosphate // pentose phosphate	0	0.000144	0.000249	0.000327	0.000388	0.000437	0.000478	0.000511	0.000539	0.000562	0.000582	0.0006	0.000615	0.000628	0.000639	0.000649	0.000658	0.000666	0.000673	0.000679	0.000684	0.000689	0.000694	0.000698	0.000701	0.000704	0.000707	0.000709	0.000711	0.000713	0.000715	0.000716	0.000717	0.000718	0.000719	0.000719	0.00072	0.00072	0.000721	0.000721	0.000721	0.000721	0.000721	0.000721	0.00072	0.00072	0.00072	0.000719	0.000719	0.000718	0.000718	0.000717	0.000716	0.000715	0.000715	0.000714	0.000677	0.000393	0.000405	0.000418	0.000431	0.000444	0.000456	0.000469	0.000482	0.000495	0.000507	0.00052	0.000533	0.000546	0.000559	0.000571	0.000584	0.000597	0.00061	0.000622	0.000635	0.000648	0.000661	0.000673	0.000686
P47052	TCA	0	0	0	0	0	0	0	0	0	0	0	0	0	0	0	0	0	0	0	0	0	0	0	0	0	0	0	0	0	0	0	0	0	0	0	0	0	0	0	0	0	0	0	0	0	0	0	0	0	0	0	0	0	0	0	0	0	0	0	0	0	0	0	0	0	0	0	0	0	0	0	0	0	0	0	0	0	0	0	0	0
P47081	Oxidative Phosphorylation	0.056864	0.047684	0.041001	0.03592	0.031899	0.028568	0.025803	0.023481	0.021503	0.019798	0.018314	0.01701	0.015855	0.014826	0.013903	0.01307	0.012315	0.011627	0.010977	0.010369	0.009809	0.009292	0.008812	0.008365	0.007949	0.00756	0.007196	0.006854	0.006533	0.00623	0.005945	0.005675	0.00542	0.005178	0.004948	0.00473	0.004515	0.004304	0.004103	0.003911	0.003722	0.003536	0.003358	0.003188	0.003024	0.002868	0.002717	0.002572	0.002433	0.002299	0.00217	0.002046	0.001926	0.00181	0.001699	0.001591	0.00149	0.001416	0.001351	0.001294	0.001237	0.00118	0.001124	0.001068	0.001012	0.000956	0.000901	0.000846	0.000791	0.000737	0.000683	0.000629	0.000575	0.000522	0.000469	0.000416	0.000364	0.000311	0.000259	0.000208	0.000156
P47771	Phenylalanine, tyrosine, and tryptophan biosynthesis (aromatic amino acids)	0	0	0	0	0	0	0	0	0	0	0	0	0	0	0	0	0	0	0	0	0	0	0	0	0	0	0	0	0	0	0	0	0	0	0	0	0	0	0	0	0	0	0	0	0	0	0	0	0	0	0	0	0	0	0	0	0	0	0	0	0	0	0	0	0	0	0	0	0	0	0	0	0	0	0	0	0	0	0	0	0
P52489	Glycolysis	0	0	0	0	0	0	0	0	0	0	0	0	0	0	0	0	0	0	0	0	0	0	0	0	0	0	0	0	0	0	0	0	0	0	0	0	0	0	0	0	0	0	0	0	0	0	0	0	0	0	0	0	0	0	0	0	0	0	0	0	0	0	0	0	0	0	0	0	0	0	0	0	0	0	0	0	0	0	0	0	0
P52910	Other	0	0.000248	0.000426	0.000561	0.000666	0.00075	0.000819	0.000876	0.000924	0.000964	0.000999	0.001029	0.001054	0.001077	0.001096	0.001113	0.001128	0.001142	0.001154	0.001164	0.001174	0.001182	0.00119	0.001197	0.001203	0.001208	0.001212	0.001216	0.00122	0.001223	0.001226	0.001228	0.00123	0.001232	0.001233	0.001234	0.001235	0.001236	0.001236	0.001236	0.001237	0.001237	0.001237	0.001236	0.001236	0.001235	0.001235	0.001234	0.001233	0.001232	0.001231	0.00123	0.001229	0.001227	0.001226	0.001224	0.001226	0.001247	0.001269	0.001291	0.001313	0.001335	0.001357	0.001379	0.001401	0.001422	0.001444	0.001466	0.001488	0.00151	0.001532	0.001554	0.001576	0.001598	0.001619	0.001641	0.001663	0.001685	0.001707	0.001729	0.001751
P53239	Oxidative Phosphorylation	0.144009	0.12076	0.103836	0.090969	0.080785	0.072349	0.065346	0.059465	0.054456	0.050139	0.04638	0.043078	0.040154	0.037548	0.035209	0.0331	0.031188	0.029446	0.027799	0.02626	0.024842	0.023531	0.022316	0.021185	0.02013	0.019145	0.018223	0.017358	0.016544	0.015777	0.015055	0.014372	0.013725	0.013113	0.012531	0.011978	0.011435	0.0109	0.01039	0.009904	0.009426	0.008955	0.008505	0.008073	0.007659	0.007262	0.006881	0.006514	0.006162	0.005823	0.005496	0.005181	0.004878	0.004585	0.004302	0.004029	0.003774	0.003586	0.003421	0.003276	0.003132	0.002988	0.002846	0.002704	0.002562	0.002422	0.002282	0.002142	0.002004	0.001866	0.001729	0.001593	0.001457	0.001322	0.001187	0.001054	0.000921	0.000788	0.000657	0.000526	0.000396
P53312	TCA	0.002237	0.002436	0.002577	0.002685	0.002773	0.002848	0.002911	0.002965	0.003012	0.003053	0.003089	0.003121	0.003151	0.003177	0.003202	0.003224	0.003245	0.003265	0.003284	0.003302	0.003319	0.003335	0.00335	0.003364	0.003378	0.003391	0.003404	0.003416	0.003428	0.003439	0.00345	0.00346	0.00347	0.00348	0.003489	0.003499	0.003508	0.003517	0.003526	0.003535	0.003543	0.003552	0.00356	0.003568	0.003576	0.003584	0.003592	0.003599	0.003607	0.003614	0.003621	0.003628	0.003635	0.003641	0.003648	0.003654	0.003676	0.003458	0.003322	0.003205	0.003088	0.002971	0.002855	0.00274	0.002626	0.002512	0.002398	0.002285	0.002173	0.002062	0.001951	0.00184	0.001731	0.001621	0.001513	0.001405	0.001297	0.001191	0.001084	0.000979	0.000874
P53315	pentose phosphate	0	0	0	0	0	0	0	0	0	0	0	0	0	0	0	0	0	0	0	0	0	0	0	0	0	0	0	0	0	0	0	0	0	0	0	0	0	0	0	0	0	0	0	0	0	0	0	0	0	0	0	0	0	0	0	0	0	0	0	0	0	0	0	0	0	0	0	0	0	0	0	0	0	0	0	0	0	0	0	0	0
P53319	pentose phosphate	0	0	0	0	0	0	0	0	0	0	0	0	0	0	0	0	0	0	0	0	0	0	0	0	0	0	0	0	0	0	0	0	0	0	0	0	0	0	0	0	0	0	0	0	0	0	0	0	0	0	0	0	0	0	0	0	0	0	0	0	0	0	0	0	0	0	0	0	0	0	0	0	0	0	0	0	0	0	0	0	0
P53598	TCA	0.001671	0.001819	0.001925	0.002006	0.002071	0.002127	0.002174	0.002215	0.00225	0.00228	0.002307	0.002332	0.002353	0.002373	0.002392	0.002408	0.002424	0.002439	0.002453	0.002466	0.002479	0.002491	0.002502	0.002513	0.002523	0.002533	0.002543	0.002552	0.00256	0.002569	0.002577	0.002585	0.002592	0.002599	0.002606	0.002613	0.00262	0.002627	0.002634	0.00264	0.002647	0.002653	0.002659	0.002665	0.002671	0.002677	0.002683	0.002689	0.002694	0.002699	0.002705	0.00271	0.002715	0.00272	0.002725	0.00273	0.002746	0.002583	0.002482	0.002394	0.002306	0.002219	0.002133	0.002047	0.001961	0.001876	0.001791	0.001707	0.001623	0.00154	0.001457	0.001375	0.001293	0.001211	0.00113	0.001049	0.000969	0.000889	0.00081	0.000731	0.000653
P54115	Anaerobic excretion	0	0.000507	0.000872	0.001147	0.001361	0.001534	0.001675	0.001791	0.001889	0.001972	0.002042	0.002103	0.002155	0.002201	0.002241	0.002276	0.002307	0.002334	0.002359	0.002381	0.0024	0.002418	0.002433	0.002447	0.002459	0.002469	0.002479	0.002487	0.002494	0.002501	0.002506	0.002511	0.002515	0.002518	0.002521	0.002523	0.002525	0.002526	0.002527	0.002528	0.002528	0.002528	0.002528	0.002528	0.002527	0.002526	0.002524	0.002523	0.002521	0.002519	0.002517	0.002514	0.002512	0.002509	0.002506	0.002503	0.00371	0.013398	0.013443	0.013488	0.013533	0.013577	0.013622	0.013667	0.013712	0.013756	0.013801	0.013846	0.013891	0.013935	0.01398	0.014025	0.01407	0.014115	0.014159	0.014204	0.014249	0.014294	0.014338	0.014383	0.014428
P61829	Oxidative Phosphorylation	0.003222	0.003751	0.004137	0.00443	0.004663	0.004857	0.005018	0.005154	0.00527	0.00537	0.005457	0.005534	0.005603	0.005664	0.005719	0.005769	0.005814	0.005856	0.005895	0.005932	0.005966	0.005998	0.006028	0.006055	0.006081	0.006105	0.006128	0.00615	0.00617	0.006189	0.006207	0.006225	0.006241	0.006257	0.006272	0.006286	0.0063	0.006314	0.006327	0.00634	0.006353	0.006365	0.006377	0.006389	0.0064	0.00641	0.006421	0.006431	0.00644	0.00645	0.006459	0.006468	0.006476	0.006484	0.006492	0.0065	0.006507	0.006453	0.006279	0.006131	0.005983	0.005837	0.005691	0.005546	0.005402	0.005259	0.005117	0.004976	0.004835	0.004696	0.004557	0.004419	0.004282	0.004146	0.004011	0.003876	0.003743	0.00361	0.003479	0.003348	0.003218
P81449	Oxidative Phosphorylation	0.004516	0.005257	0.005798	0.006209	0.006536	0.006807	0.007033	0.007223	0.007386	0.007526	0.007649	0.007757	0.007853	0.007938	0.008016	0.008086	0.008149	0.008207	0.008262	0.008314	0.008362	0.008407	0.008448	0.008487	0.008523	0.008557	0.008589	0.008619	0.008648	0.008675	0.0087	0.008724	0.008747	0.008769	0.00879	0.00881	0.00883	0.008849	0.008868	0.008886	0.008904	0.008921	0.008938	0.008954	0.00897	0.008985	0.008999	0.009013	0.009027	0.00904	0.009052	0.009065	0.009077	0.009088	0.009099	0.00911	0.00912	0.009044	0.0088	0.008593	0.008386	0.008181	0.007977	0.007774	0.007572	0.007371	0.007172	0.006974	0.006777	0.006581	0.006387	0.006194	0.006002	0.005811	0.005622	0.005433	0.005246	0.00506	0.004875	0.004692	0.00451
P81450	Oxidative Phosphorylation	0.002777	0.003233	0.003565	0.003818	0.004019	0.004186	0.004325	0.004442	0.004542	0.004628	0.004704	0.00477	0.004829	0.004882	0.004929	0.004972	0.005011	0.005047	0.005081	0.005113	0.005142	0.00517	0.005195	0.005219	0.005241	0.005262	0.005282	0.0053	0.005318	0.005334	0.00535	0.005365	0.005379	0.005393	0.005405	0.005418	0.00543	0.005442	0.005453	0.005464	0.005475	0.005486	0.005496	0.005506	0.005516	0.005525	0.005534	0.005543	0.005551	0.005559	0.005567	0.005574	0.005582	0.005589	0.005596	0.005602	0.005608	0.005562	0.005412	0.005284	0.005157	0.005031	0.004905	0.00478	0.004656	0.004533	0.00441	0.004289	0.004168	0.004047	0.003928	0.003809	0.003691	0.003573	0.003457	0.003341	0.003226	0.003112	0.002998	0.002885	0.002773
P81451	Oxidative Phosphorylation	0.003128	0.003642	0.004016	0.004301	0.004527	0.004716	0.004872	0.005004	0.005116	0.005214	0.005299	0.005373	0.00544	0.005499	0.005553	0.005601	0.005645	0.005685	0.005724	0.00576	0.005793	0.005824	0.005852	0.005879	0.005904	0.005928	0.00595	0.005971	0.00599	0.006009	0.006027	0.006044	0.00606	0.006075	0.006089	0.006103	0.006117	0.00613	0.006143	0.006156	0.006168	0.00618	0.006192	0.006203	0.006214	0.006224	0.006234	0.006244	0.006253	0.006262	0.006271	0.006279	0.006288	0.006296	0.006303	0.006311	0.006318	0.006265	0.006096	0.005952	0.005809	0.005667	0.005526	0.005385	0.005245	0.005106	0.004968	0.004831	0.004695	0.004559	0.004424	0.004291	0.004158	0.004025	0.003894	0.003764	0.003634	0.003505	0.003377	0.00325	0.003124
Q00055	Anaerobic excretion	0	0	0	0	0	0	0	0	0	0	0	0	0	0	0	0	0	0	0	0	0	0	0	0	0	0	0	0	0	0	0	0	0	0	0	0	0	0	0	0	0	0	0	0	0	0	0	0	0	0	0	0	0	0	0	0	0	0	0	0	0	0	0	0	0	0	0	0	0	0	0	0	0	0	0	0	0	0	0	0	0
Q00711	TCA	0.00307	0.003347	0.003549	0.003705	0.00383	0.003937	0.004027	0.004104	0.00417	0.004229	0.00428	0.004326	0.004368	0.004405	0.00444	0.004472	0.004501	0.004528	0.004555	0.00458	0.004604	0.004626	0.004647	0.004668	0.004687	0.004705	0.004723	0.004739	0.004755	0.004771	0.004786	0.0048	0.004814	0.004827	0.00484	0.004853	0.004866	0.004878	0.004891	0.004902	0.004914	0.004926	0.004938	0.004949	0.00496	0.00497	0.004981	0.004991	0.005001	0.005011	0.005021	0.00503	0.005039	0.005048	0.005057	0.005066	0.005046	0.004746	0.00456	0.004398	0.004238	0.004078	0.003919	0.003761	0.003604	0.003447	0.003292	0.003137	0.002983	0.00283	0.002677	0.002526	0.002375	0.002225	0.002076	0.001928	0.001781	0.001634	0.001489	0.001344	0.0012
Q01519	Oxidative Phosphorylation	0.00094	0.001318	0.001593	0.001803	0.001969	0.002107	0.002222	0.002318	0.002401	0.002472	0.002534	0.002588	0.002637	0.00268	0.002719	0.002754	0.002786	0.002816	0.002843	0.002869	0.002893	0.002916	0.002936	0.002956	0.002974	0.002991	0.003006	0.003021	0.003036	0.003049	0.003062	0.003073	0.003085	0.003096	0.003106	0.003116	0.003125	0.003135	0.003144	0.003153	0.003162	0.00317	0.003178	0.003186	0.003194	0.003201	0.003208	0.003215	0.003221	0.003228	0.003234	0.00324	0.003245	0.003251	0.003256	0.003261	0.003266	0.003229	0.003142	0.003069	0.002995	0.002922	0.002849	0.002777	0.002705	0.002634	0.002563	0.002493	0.002423	0.002353	0.002284	0.002215	0.002147	0.002079	0.002012	0.001945	0.001878	0.001812	0.001746	0.001681	0.001616
Q01574	Other	0	0	0	0	0	0	0	0	0	0	0	0	0	0	0	0	0	0	0	0	0	0	0	0	0	0	0	0	0	0	0	0	0	0	0	0	0	0	0	0	0	0	0	0	0	0	0	0	0	0	0	0	0	0	0	0	0	0	0	0	0	0	0	0	0	0	0	0	0	0	0	0	0	0	0	0	0	0	0	0	0
Q04458	Phenylalanine, tyrosine, and tryptophan biosynthesis (aromatic amino acids)	0	0	0	0	0	0	0	0	0	0	0	0	0	0	0	0	0	0	0	0	0	0	0	0	0	0	0	0	0	0	0	0	0	0	0	0	0	0	0	0	0	0	0	0	0	0	0	0	0	0	0	0	0	0	0	0	0	0	0	0	0	0	0	0	0	0	0	0	0	0	0	0	0	0	0	0	0	0	0	0	0
Q04935	Oxidative Phosphorylation	0.09597	0.080477	0.069198	0.060624	0.053837	0.048215	0.043548	0.039629	0.036291	0.033414	0.030909	0.028708	0.02676	0.025022	0.023464	0.022058	0.020784	0.019624	0.018525	0.0175	0.016555	0.015682	0.014871	0.014118	0.013415	0.012759	0.012144	0.011567	0.011025	0.010514	0.010033	0.009578	0.009147	0.008739	0.008351	0.007982	0.007621	0.007264	0.006924	0.0066	0.006282	0.005968	0.005668	0.00538	0.005104	0.00484	0.004585	0.004341	0.004106	0.00388	0.003663	0.003453	0.003251	0.003056	0.002867	0.002685	0.002515	0.00239	0.00228	0.002183	0.002087	0.001992	0.001896	0.001802	0.001708	0.001614	0.001521	0.001428	0.001335	0.001244	0.001152	0.001061	0.000971	0.000881	0.000791	0.000702	0.000614	0.000525	0.000438	0.000351	0.000264
Q06204	Glycolysis	0	0	0	0	0	0	0	0	0	0	0	0	0	0	0	0	0	0	0	0	0	0	0	0	0	0	0	0	0	0	0	0	0	0	0	0	0	0	0	0	0	0	0	0	0	0	0	0	0	0	0	0	0	0	0	0	0	0	0	0	0	0	0	0	0	0	0	0	0	0	0	0	0	0	0	0	0	0	0	0	0
Q06405	Oxidative Phosphorylation	0.004697	0.005468	0.00603	0.006458	0.006798	0.00708	0.007316	0.007514	0.007682	0.007828	0.007956	0.008068	0.008168	0.008257	0.008337	0.00841	0.008476	0.008537	0.008594	0.008648	0.008698	0.008744	0.008787	0.008828	0.008865	0.008901	0.008934	0.008965	0.008995	0.009023	0.009049	0.009075	0.009099	0.009121	0.009143	0.009164	0.009185	0.009205	0.009224	0.009243	0.009261	0.009279	0.009297	0.009314	0.00933	0.009345	0.00936	0.009375	0.009389	0.009403	0.009416	0.009429	0.009441	0.009453	0.009465	0.009476	0.009486	0.009407	0.009154	0.008938	0.008723	0.008509	0.008297	0.008086	0.007876	0.007667	0.00746	0.007254	0.007049	0.006846	0.006643	0.006443	0.006243	0.006044	0.005847	0.005651	0.005457	0.005263	0.005071	0.00488	0.004691
Q07500	Oxidative Phosphorylation	0	0	0	0	0	0	0	0	0	0	0	0	0	0	0	0	0	0	0	0	0	0	0	0	0	0	0	0	0	0	0	0	0	0	0	0	0	0	0	0	0	0	0	0	0	0	0	0	0	0	0	0	0	0	0	0	0	0	0	0	0	0	0	0	0	0	0	0	0	0	0	0	0	0	0	0	0	0	0	0	0
Q12055	Salvage pathways // Salvage pathways	0	9.3e-05	0.00016	0.000211	0.00025	0.000282	0.000308	0.000329	0.000347	0.000362	0.000375	0.000386	0.000396	0.000404	0.000412	0.000418	0.000424	0.000429	0.000433	0.000437	0.000441	0.000444	0.000447	0.00045	0.000452	0.000454	0.000455	0.000457	0.000458	0.000459	0.00046	0.000461	0.000462	0.000463	0.000463	0.000464	0.000464	0.000464	0.000464	0.000464	0.000465	0.000465	0.000465	0.000464	0.000464	0.000464	0.000464	0.000464	0.000463	0.000463	0.000462	0.000462	0.000462	0.000461	0.00046	0.00046	0.00046	0.000469	0.000477	0.000485	0.000493	0.000501	0.00051	0.000518	0.000526	0.000534	0.000543	0.000551	0.000559	0.000567	0.000575	0.000584	0.000592	0.0006	0.000608	0.000617	0.000625	0.000633	0.000641	0.000649	0.000658
Q12165	Oxidative Phosphorylation	0.007067	0.008228	0.009074	0.009717	0.010228	0.010653	0.011007	0.011305	0.011559	0.011779	0.011971	0.01214	0.01229	0.012424	0.012545	0.012654	0.012754	0.012844	0.012931	0.013012	0.013087	0.013157	0.013222	0.013282	0.013339	0.013392	0.013442	0.013489	0.013534	0.013576	0.013616	0.013654	0.01369	0.013724	0.013757	0.013788	0.013819	0.01385	0.013879	0.013907	0.013935	0.013962	0.013988	0.014013	0.014038	0.014061	0.014084	0.014106	0.014127	0.014147	0.014167	0.014186	0.014205	0.014223	0.014241	0.014258	0.014273	0.014154	0.013773	0.013448	0.013124	0.012803	0.012484	0.012166	0.01185	0.011536	0.011224	0.010914	0.010606	0.0103	0.009996	0.009694	0.009393	0.009094	0.008798	0.008503	0.00821	0.007919	0.00763	0.007343	0.007058
Q12189	pentose phosphate // pentose phosphate	0	0.001436	0.002472	0.003252	0.003859	0.004349	0.004748	0.005078	0.005355	0.005589	0.005789	0.005961	0.00611	0.00624	0.006353	0.006453	0.00654	0.006617	0.006687	0.006749	0.006805	0.006854	0.006897	0.006936	0.00697	0.007	0.007027	0.007051	0.007071	0.007089	0.007104	0.007118	0.007129	0.007138	0.007146	0.007152	0.007157	0.007161	0.007164	0.007166	0.007167	0.007168	0.007167	0.007166	0.007163	0.00716	0.007156	0.007152	0.007147	0.007141	0.007135	0.007128	0.007121	0.007113	0.007105	0.007096	0.006864	0.005078	0.005205	0.005332	0.005459	0.005585	0.005712	0.005839	0.005966	0.006093	0.00622	0.006347	0.006473	0.0066	0.006727	0.006854	0.006981	0.007108	0.007235	0.007361	0.007488	0.007615	0.007742	0.007869	0.007996
Q12233	Oxidative Phosphorylation	0.005365	0.006246	0.006888	0.007377	0.007765	0.008088	0.008356	0.008582	0.008775	0.008942	0.009088	0.009216	0.00933	0.009432	0.009523	0.009606	0.009682	0.009751	0.009817	0.009878	0.009935	0.009988	0.010037	0.010083	0.010126	0.010167	0.010205	0.01024	0.010274	0.010306	0.010337	0.010365	0.010393	0.010419	0.010444	0.010467	0.010491	0.010514	0.010536	0.010558	0.010578	0.010599	0.010619	0.010638	0.010657	0.010675	0.010692	0.010708	0.010725	0.01074	0.010755	0.01077	0.010784	0.010798	0.010811	0.010824	0.010836	0.010745	0.010456	0.010209	0.009963	0.009719	0.009477	0.009236	0.008996	0.008758	0.008521	0.008286	0.008052	0.007819	0.007588	0.007359	0.007131	0.006904	0.006679	0.006455	0.006233	0.006012	0.005792	0.005574	0.005358
Q12349	Oxidative Phosphorylation	0.005866	0.00683	0.007531	0.008066	0.00849	0.008843	0.009137	0.009384	0.009595	0.009777	0.009936	0.010077	0.010201	0.010312	0.010413	0.010504	0.010586	0.010662	0.010733	0.010801	0.010863	0.010921	0.010975	0.011025	0.011072	0.011116	0.011158	0.011197	0.011234	0.011269	0.011302	0.011333	0.011363	0.011392	0.011419	0.011445	0.011471	0.011496	0.01152	0.011543	0.011566	0.011589	0.011611	0.011632	0.011652	0.011672	0.01169	0.011709	0.011726	0.011743	0.01176	0.011775	0.011791	0.011806	0.01182	0.011835	0.011848	0.011749	0.011432	0.011162	0.010894	0.010627	0.010362	0.010098	0.009836	0.009576	0.009317	0.00906	0.008804	0.00855	0.008297	0.008046	0.007797	0.007549	0.007303	0.007058	0.006815	0.006573	0.006333	0.006095	0.005858
Q3E731	Oxidative Phosphorylation	0.044861	0.037618	0.032346	0.028338	0.025166	0.022538	0.020356	0.018524	0.016964	0.015619	0.014448	0.013419	0.012509	0.011697	0.010968	0.010311	0.009715	0.009173	0.00866	0.00818	0.007739	0.00733	0.006952	0.006599	0.006271	0.005964	0.005677	0.005407	0.005154	0.004915	0.00469	0.004477	0.004276	0.004085	0.003904	0.003731	0.003562	0.003396	0.003237	0.003085	0.002936	0.00279	0.002649	0.002515	0.002386	0.002262	0.002143	0.002029	0.001919	0.001814	0.001712	0.001614	0.001519	0.001428	0.00134	0.001255	0.001176	0.001117	0.001066	0.00102	0.000976	0.000931	0.000886	0.000842	0.000798	0.000754	0.000711	0.000667	0.000624	0.000581	0.000539	0.000496	0.000454	0.000412	0.00037	0.000328	0.000287	0.000246	0.000205	0.000164	0.000123
