enzymes	ranges	minU	maxU	pU
P00127	3.31832059808403e-09	3.61852919119367e-05	3.61886102325348e-05	3.61861030513937e-05
P00128	3.31832059808403e-09	3.61852919119367e-05	3.61886102325348e-05	3.61861030513937e-05
P00163	3.31832059808403e-09	3.61852919119367e-05	3.61886102325348e-05	3.61861030513937e-05
P00330	3.42869816042063e-08	1.01338699529018e-06	1.04767397689439e-06	1.0239402782029e-06
P00358	8.73709890447695e-06	0	8.73709890447695e-06	0
P00359	8.96819542667927e-05	0	8.96819542667927e-05	8.96574878576726e-05
P00360	8.9673675839927e-05	0	8.9673675839927e-05	0
P00401	1.05267560429473e-09	1.14791120701169e-05	1.14801647457212e-05	1.14793693890506e-05
P00410	1.05267560429473e-09	1.14791120701169e-05	1.14801647457212e-05	1.14793693890506e-05
P00420	1.05267560429473e-09	1.14791120701169e-05	1.14801647457212e-05	1.14793693890506e-05
P00425	1.05269350872132e-09	1.14791120522125e-05	1.14801647457212e-05	1.14793693890506e-05
P00427	1.05269350872132e-09	1.14791120522125e-05	1.14801647457212e-05	1.14793693890506e-05
P00549	1.34421979651173e-06	7.7260308013678e-06	9.07025059787953e-06	9.06989005201299e-06
P00560	2.00719879091698e-08	4.09281640426063e-06	4.1128883921698e-06	4.09333933867526e-06
P00830	2.1972478878985e-09	2.87834348546789e-05	2.87856321025668e-05	2.87836763199605e-05
P00854	2.19723382551511e-09	2.87832506406958e-05	2.87854478745213e-05	2.87834921044321e-05
P00856	2.19723382551511e-09	2.87832506406958e-05	2.87854478745213e-05	2.87834921044321e-05
P00890	1.93844490807945e-06	1.588407973736e-06	3.52685288181545e-06	3.52632386739913e-06
P00924	2.71518021038689e-08	0	2.71518021038689e-08	0
P00925	2.70693608971951e-08	0	2.70693608971951e-08	0
P00942	3.26532479662719e-08	1.27790204083509e-07	1.60443452049781e-07	1.27803767916169e-07
P00950	3.21655402007771e-08	3.81356695167826e-06	3.84573249187904e-06	3.81405420671357e-06
P04037	1.05269350872132e-09	1.14791120522125e-05	1.14801647457212e-05	1.14793693890506e-05
P04039	2.10538701741892e-09	2.2958224104425e-05	2.29603294914424e-05	2.29587387781013e-05
P04385	0	0	0	0
P04397	1.11847630686219e-08	0	1.11847630686219e-08	0
P04806	5.33575498948296e-07	4.58844943208802e-06	5.12202493103632e-06	5.12202493103632e-06
P04807	3.00615776461796e-08	0	3.00615776461796e-08	0
P05626	2.19723382551511e-09	2.87832506406958e-05	2.87854478745213e-05	2.87834921044321e-05
P06169	1.03022317494915e-05	7.93784799896228e-06	1.82400797484537e-05	1.82391969427303e-05
P07143	3.31832059808403e-09	3.61852919119367e-05	3.61886102325348e-05	3.61861030513937e-05
P07170	5.70988836147714e-07	0	5.70988836147714e-07	0
P07251	2.1972478878985e-09	2.87834348546789e-05	2.87856321025668e-05	2.87836763199605e-05
P07255	1.05267560429473e-09	1.14791120701169e-05	1.14801647457212e-05	1.14793693890506e-05
P07256	3.31832059808403e-09	3.61852919119367e-05	3.61886102325348e-05	3.61861030513937e-05
P07257	3.31832059808403e-09	3.61852919119367e-05	3.61886102325348e-05	3.61861030513937e-05
P08067	3.31832059808403e-09	3.61852919119367e-05	3.61886102325348e-05	3.61861030513937e-05
P08417	1.65102235146363e-08	4.69620550350383e-07	4.86130773865019e-07	4.6967548611449e-07
P08431	2.06344176160585e-08	0	2.06344176160585e-08	0
P08525	3.31832059808403e-09	3.61852919119367e-05	3.61886102325348e-05	3.61861030513937e-05
P09201	1.04958161769651e-09	0	1.04958161769651e-09	0
P09457	2.19723382551511e-09	2.87832506406958e-05	2.87854478745213e-05	2.87834921044321e-05
P09624	1.03630718910587e-08	1.57874675348532e-05	1.57978306067443e-05	1.5789336648846e-05
P0CX10	9.56695775516985e-06	0	9.56695775516985e-06	0
P0CX11	9.56695775516985e-06	0	9.56695775516985e-06	0
P10174	1.05269350872132e-09	1.14791120522125e-05	1.14801647457212e-05	1.14793693890506e-05
P10963	1.12959987353739e-09	0	1.12959987353739e-09	0
P11154	2.83425411635197e-06	0	2.83425411635197e-06	2.83258093048567e-06
P11412	5.06559331886151e-10	2.4271506439268e-07	2.43221623724566e-07	2.42760104462969e-07
P12695	7.23592832570789e-10	1.14557428646442e-06	1.14629787929699e-06	1.14568159665034e-06
P12709	1.46246389286616e-08	1.60982856427473e-06	1.62445320320339e-06	1.61018553835261e-06
P14540	2.56894674790272e-08	3.41264269301199e-05	3.41521163975989e-05	3.41300422132096e-05
P15019	2.38813488073636e-08	1.42346883284352e-06	1.44735018165088e-06	1.42373569947722e-06
P16387	1.03630718910587e-08	1.57874675348532e-05	1.57978306067443e-05	1.5789336648846e-05
P16451	7.23592832570789e-10	1.14557428646442e-06	1.14629787929699e-06	1.14568159665034e-06
P16467	2.09883273415882e-06	0	2.09883273415882e-06	0
P16861	3.57688445276098e-08	0	3.57688445276098e-08	0
P16862	2.87599600551563e-08	3.07852557036464e-06	3.1072855304198e-06	3.10708061184412e-06
P17505	2.48572472364459e-08	2.552799496017e-06	2.57765674325345e-06	2.55320836470292e-06
P17709	5.33575498948296e-07	0	5.33575498948296e-07	0
P19414	1.07598425575973e-08	3.47659771073194e-06	3.48735755328954e-06	3.47710790274597e-06
P19516	6.51703229675368e-09	0	6.51703229675368e-09	0
P20967	1.70867425889079e-08	1.74717218137249e-05	1.74888085563138e-05	1.7485517396315e-05
P21306	2.19723382551511e-09	2.87832506406958e-05	2.87854478745213e-05	2.87834921044321e-05
P21801	6.19488481006728e-10	2.2163840585574e-06	2.21700354703841e-06	2.21666269096442e-06
P21826	2.00710486140761e-08	0	2.00710486140761e-08	0
P21954	1.69646944275594e-08	1.77810464555911e-05	1.77980111500187e-05	1.77947434983056e-05
P22289	3.31832059808403e-09	3.61852919119367e-05	3.61886102325348e-05	3.61861030513937e-05
P23254	7.26554197360418e-07	3.84012958201517e-07	1.11056715556194e-06	1.09871721605475e-06
P26263	1.03013380486086e-05	0	1.03013380486086e-05	0
P28240	2.91961956192966e-08	0	2.91961956192966e-08	1.26852355599245e-09
P30902	2.19723382551511e-09	2.87832506406958e-05	2.87854478745213e-05	2.87834921044321e-05
P30952	2.00723844882664e-08	0	2.00723844882664e-08	8.72109944744808e-10
P32327	2.83394693379403e-06	0	2.83394693379403e-06	0
P32340	1.98798157259341e-07	6.79037590766614e-06	6.98917406492548e-06	6.98871441504962e-06
P32473	1.03630718910587e-08	1.57874675348532e-05	1.57978306067443e-05	1.5789336648846e-05
P32799	1.05269350872132e-09	1.14791120522125e-05	1.14801647457212e-05	1.14793693890506e-05
P33315	7.14704257853233e-07	0	7.14704257853233e-07	0
P33401	1.38578411775279e-08	0	1.38578411775279e-08	0
P33421	6.19488481006728e-10	2.2163840585574e-06	2.21700354703841e-06	2.21666269096442e-06
P37012	1.38629812204135e-08	0	1.38629812204135e-08	0
P37298	6.19488481006728e-10	2.2163840585574e-06	2.21700354703841e-06	2.21666269096442e-06
P37299	3.31832059808403e-09	3.61852919119367e-05	3.61886102325348e-05	3.61861030513937e-05
P38077	2.19723382551511e-09	2.87832506406958e-05	2.87854478745213e-05	2.87834921044321e-05
P38113	3.35593955270473e-08	0	3.35593955270473e-08	0
P38720	2.3113775627269e-06	1.80527701534743e-06	4.11665457807433e-06	4.10863124321886e-06
P38824	6.51703229675368e-09	0	6.51703229675368e-09	0
P38858	1.34793774999983e-06	1.40431265992907e-05	1.53910643492905e-05	1.53618594104167e-05
P40047	1.28940973325926e-08	0	1.28940973325926e-08	0
P40106	5.26887423995418e-09	0	5.26887423995418e-09	0
P40215	1.58315732371448e-07	0	1.58315732371448e-07	0
P41277	5.26465276426956e-09	0	5.26465276426956e-09	0
P41911	5.1833872450861e-10	0	5.1833872450861e-10	0
P42222	9.56997067087768e-06	0	9.56997067087768e-06	9.55148529923292e-06
P43635	1.9379206743337e-06	0	1.9379206743337e-06	0
P46367	1.28882449311087e-08	0	1.28882449311087e-08	0
P46969	3.38481177645257e-08	6.67775215889503e-07	7.01623333654029e-07	6.6794262473813e-07
P47052	5.50039345925913e-08	0	5.50039345925913e-08	0
P47081	6.51703229675368e-09	0	6.51703229675368e-09	0
P47771	1.38866717457805e-08	0	1.38866717457805e-08	0
P52489	1.34385925065806e-06	0	1.34385925065806e-06	0
P52910	2.40836023045638e-07	4.43304971020982e-07	6.84140994066619e-07	6.82969445512821e-07
P53239	6.51703229675368e-09	0	6.51703229675368e-09	0
P53312	2.36314418024723e-09	2.4165237609763e-06	2.41888690515655e-06	2.41843170297407e-06
P53315	1.31873281112595e-06	0	1.31873281112595e-06	0
P53319	2.30335422787144e-06	0	2.30335422787144e-06	0
P53598	2.36314418024723e-09	2.4165237609763e-06	2.41888690515655e-06	2.41843170297407e-06
P54115	2.98728821470314e-08	9.48635733132677e-06	9.5162302134738e-06	9.51290727575758e-06
P61829	2.1972478878985e-09	2.87834348546789e-05	2.87856321025668e-05	2.87836763199605e-05
P81449	2.19723382551511e-09	2.87832506406958e-05	2.87854478745213e-05	2.87834921044321e-05
P81450	2.19723382551511e-09	2.87832506406958e-05	2.87854478745213e-05	2.87834921044321e-05
P81451	2.19723382551511e-09	2.87832506406958e-05	2.87854478745213e-05	2.87834921044321e-05
Q00055	5.20359615202554e-10	0	5.20359615202554e-10	0
Q00711	4.22250439289335e-08	2.17477850310948e-06	2.21700354703841e-06	2.21666269096442e-06
Q01519	1.05269350872132e-09	1.14791120522125e-05	1.14801647457212e-05	1.14793693890506e-05
Q01574	2.39664474491839e-07	0	2.39664474491839e-07	0
Q04458	1.34922203222932e-08	0	1.34922203222932e-08	0
Q04935	6.51703229675368e-09	0	6.51703229675368e-09	0
Q06204	2.37980759670974e-08	0	2.37980759670974e-08	0
Q06405	2.19723382551511e-09	2.87832506406958e-05	2.87854478745213e-05	2.87834921044321e-05
Q07500	1.98345262470998e-07	0	1.98345262470998e-07	0
Q12055	6.09477919860696e-07	2.81363850620356e-07	8.90841770481053e-07	8.52352686766938e-07
Q12165	2.19723382551511e-09	2.87832506406958e-05	2.87854478745213e-05	2.87834921044321e-05
Q12189	3.22193435840579e-08	7.68026096254472e-06	7.71248030612878e-06	7.68153014014468e-06
Q12233	2.19723382551511e-09	2.87832506406958e-05	2.87854478745213e-05	2.87834921044321e-05
Q12349	2.19723382551511e-09	2.87832506406958e-05	2.87854478745213e-05	2.87834921044321e-05
Q3E731	6.51703229675368e-09	0	6.51703229675368e-09	0
