enzymes	ranges	minU	maxU	pU
P00127	1.94777634208944e-08	3.29681456004586e-05	3.29876233638795e-05	3.29681456004586e-05
P00128	1.94777634208944e-08	3.29681456004586e-05	3.29876233638795e-05	3.29681456004586e-05
P00163	1.94777634208944e-08	3.29681456004586e-05	3.29876233638795e-05	3.29681456004586e-05
P00330	3.47403300120997e-07	1.77219546263779e-06	2.11959876275879e-06	1.87911606021174e-06
P00358	8.85262233906285e-05	0	8.85262233906285e-05	0
P00359	0.000119638404068937	0	0.000119638404068937	0.000119390504986755
P00360	0.00011962736040038	0	0.00011962736040038	0
P00401	6.17895883575486e-09	1.0458532129922e-05	1.04647110887577e-05	1.0458532129922e-05
P00410	6.17895883575486e-09	1.0458532129922e-05	1.04647110887577e-05	1.0458532129922e-05
P00420	6.17895883575486e-09	1.0458532129922e-05	1.04647110887577e-05	1.0458532129922e-05
P00425	7.29551325894903e-09	1.04574155754988e-05	1.04647110887577e-05	1.0458532129922e-05
P00427	7.29551325894903e-09	1.04574155754988e-05	1.04647110887577e-05	1.0458532129922e-05
P00549	1.221317981721e-05	0	1.221317981721e-05	1.22124210626793e-05
P00560	1.99622511553294e-07	5.45857388590244e-06	5.65819639745574e-06	5.46012105280713e-06
P00830	2.85395449486973e-09	2.52057134762658e-05	2.52085674307606e-05	2.52085674307606e-05
P00854	2.85393622955968e-09	2.52055521596995e-05	2.52084060959291e-05	2.52084060959291e-05
P00856	2.85393622955968e-09	2.52055521596995e-05	2.52084060959291e-05	2.52084060959291e-05
P00890	3.06763884368933e-06	0	3.06763884368933e-06	3.06176223733584e-06
P00924	2.75108079327814e-07	0	2.75108079327814e-07	0
P00925	2.74272766741978e-07	0	2.74272766741978e-07	0
P00942	3.30743908917131e-07	1.70083775682994e-07	5.00827684600125e-07	1.7011516770701e-07
P00950	3.22413014368315e-07	5.08613993847889e-06	5.40855295284721e-06	5.08758154347498e-06
P04037	7.29551325894903e-09	1.04574155754988e-05	1.04647110887577e-05	1.0458532129922e-05
P04039	1.45910265178981e-08	2.09148311509976e-05	2.09294221775155e-05	2.09170642598439e-05
P04385	0	0	0	0
P04397	1.13326499425699e-07	0	1.13326499425699e-07	0
P04806	5.40630526591836e-06	1.11062974579783e-06	6.5169350117162e-06	6.5169350117162e-06
P04807	3.0459057031485e-07	0	3.0459057031485e-07	0
P05626	2.85393622955968e-09	2.52055521596995e-05	2.52084060959291e-05	2.52084060959291e-05
P06169	3.06862990541489e-05	0	3.06862990541489e-05	3.06862990541489e-05
P07143	1.94777634208944e-08	3.29681456004586e-05	3.29876233638795e-05	3.29681456004586e-05
P07170	1.20251653221837e-06	0	1.20251653221837e-06	0
P07251	2.85395449486973e-09	2.52057134762658e-05	2.52085674307606e-05	2.52085674307606e-05
P07255	6.17895883575486e-09	1.0458532129922e-05	1.04647110887577e-05	1.0458532129922e-05
P07256	1.94777634208944e-08	3.29681456004586e-05	3.29876233638795e-05	3.29681456004586e-05
P07257	1.94777634208944e-08	3.29681456004586e-05	3.29876233638795e-05	3.29681456004586e-05
P08067	1.94777634208944e-08	3.29681456004586e-05	3.29876233638795e-05	3.29681456004586e-05
P08417	1.66722011194359e-07	4.05684447944979e-07	5.72406459139338e-07	4.0568444794498e-07
P08431	2.09072494588141e-07	0	2.09072494588141e-07	0
P08525	1.94777634208944e-08	3.29681456004586e-05	3.29876233638795e-05	3.29681456004586e-05
P09201	4.01082264058981e-09	0	4.01082264058981e-09	0
P09457	2.85393622955968e-09	2.52055521596995e-05	2.52084060959291e-05	2.52084060959291e-05
P09624	6.421613759754e-08	1.43979963387888e-05	1.44622124763863e-05	1.43982716478309e-05
P0CX10	1.29239906366742e-05	0	1.29239906366742e-05	0
P0CX11	1.29239906366742e-05	0	1.29239906366742e-05	0
P10174	7.29551325894903e-09	1.04574155754988e-05	1.04647110887577e-05	1.0458532129922e-05
P10963	4.44491777988883e-09	0	4.44491777988883e-09	0
P11154	2.97422434977412e-06	0	2.97422434977412e-06	2.96974276654996e-06
P11412	4.03786686412852e-09	2.60777403965758e-07	2.64815270829887e-07	2.60878650360172e-07
P12695	4.65955275320854e-09	1.04472529789242e-06	1.04938485064562e-06	1.04474527444431e-06
P12709	1.48199776610792e-07	2.13740266681345e-06	2.28560244342424e-06	2.1410392995627e-06
P14540	2.48663013868466e-07	4.53858207423887e-05	4.56344837562572e-05	4.54108232254838e-05
P15019	2.39354773129266e-07	1.5302937582021e-06	1.76964853133137e-06	1.53038136187188e-06
P16387	6.421613759754e-08	1.43979963387888e-05	1.44622124763863e-05	1.43982716478309e-05
P16451	4.65955275320854e-09	1.04472529789242e-06	1.04938485064562e-06	1.04474527444431e-06
P16467	2.12658386401331e-05	0	2.12658386401331e-05	0
P16861	3.62417863835623e-07	0	3.62417863835623e-07	0
P16862	2.90164308188377e-07	3.84471775906628e-06	4.13488206725465e-06	4.13404377089146e-06
P17505	2.48571511639406e-07	2.20526997701184e-06	2.45384148865125e-06	2.2053302008648e-06
P17709	5.40630526591837e-06	0	5.40630526591837e-06	0
P19414	1.03803969212948e-07	3.01903003583778e-06	3.12283400505073e-06	3.01903003583779e-06
P19516	6.60320162626112e-08	0	6.60320162626112e-08	0
P20967	1.26077935564308e-07	1.500751084504e-05	1.51335887806044e-05	1.51033070863832e-05
P21306	2.85393622955968e-09	2.52055521596995e-05	2.52084060959291e-05	2.52084060959291e-05
P21801	3.78643172706924e-09	1.9146530032971e-06	1.91843943502417e-06	1.9146530032971e-06
P21826	1.39295844109556e-07	0	1.39295844109556e-07	0
P21954	1.23859208417517e-07	1.53554429287362e-05	1.54793021371537e-05	1.54505549112126e-05
P22289	1.94777634208944e-08	3.29681456004586e-05	3.29876233638795e-05	3.29681456004586e-05
P23254	1.31090618202439e-06	0	1.31090618202439e-06	1.19083996743156e-06
P26263	3.06862990541489e-05	0	3.06862990541489e-05	0
P28240	2.02621373555983e-07	0	2.02621373555983e-07	8.68683454728387e-10
P30902	2.85393622955968e-09	2.52055521596995e-05	2.52084060959291e-05	2.52084060959291e-05
P30952	1.39302194319738e-07	0	1.39302194319738e-07	5.97219875125766e-10
P32327	2.97411952462541e-06	0	2.97411952462541e-06	0
P32340	2.013257222471e-06	4.40354704610757e-06	6.41680426857856e-06	6.41322522485478e-06
P32473	6.421613759754e-08	1.43979963387888e-05	1.44622124763863e-05	1.43982716478309e-05
P32799	7.29551325894903e-09	1.04574155754988e-05	1.04647110887577e-05	1.0458532129922e-05
P33315	1.28952558989103e-06	0	1.28952558989103e-06	0
P33401	1.40410719529919e-07	0	1.40410719529919e-07	0
P33421	3.78643172706924e-09	1.9146530032971e-06	1.91843943502417e-06	1.9146530032971e-06
P37012	1.40462799584145e-07	0	1.40462799584145e-07	0
P37298	3.78643172706924e-09	1.9146530032971e-06	1.91843943502417e-06	1.9146530032971e-06
P37299	1.94777634208944e-08	3.29681456004586e-05	3.29876233638795e-05	3.29681456004586e-05
P38077	2.85393622955968e-09	2.52055521596995e-05	2.52084060959291e-05	2.52084060959291e-05
P38113	3.40031236657812e-07	0	3.40031236657812e-07	0
P38720	4.48664893402891e-06	0	4.48664893402891e-06	4.41821230124771e-06
P38824	6.60320162626112e-08	0	6.60320162626112e-08	0
P38858	1.36108025902629e-05	3.14670774785238e-06	1.67575103381152e-05	1.65084009947917e-05
P40047	2.15476652757445e-08	0	2.15476652757445e-08	0
P40106	1.46210028183456e-08	0	1.46210028183456e-08	0
P40215	1.60409010397113e-06	0	1.60409010397113e-06	0
P41277	1.46177926264209e-08	0	1.46177926264209e-08	0
P41911	1.44244554337416e-09	0	1.44244554337416e-09	0
P42222	1.29280607805374e-05	0	1.29280607805374e-05	1.27407628962415e-05
P43635	3.06672101804294e-06	0	3.06672101804294e-06	0
P46367	2.15460516135706e-08	0	2.15460516135706e-08	0
P46969	3.41315365706779e-07	7.23891809440436e-07	1.06520717514722e-06	7.23946764341655e-07
P47052	5.57312061400046e-07	0	5.57312061400046e-07	0
P47081	6.60320162626112e-08	0	6.60320162626112e-08	0
P47771	2.92167669389001e-08	0	2.92167669389001e-08	0
P52489	1.22125435227545e-05	0	1.22125435227545e-05	0
P52910	7.18924914960979e-07	0	7.18924914960979e-07	7.16016354166667e-07
P53239	6.60320162626112e-08	0	6.60320162626112e-08	0
P53312	1.72536747476664e-08	2.07569783578002e-06	2.09295151052769e-06	2.08894686096963e-06
P53315	1.33616932469393e-05	0	1.33616932469393e-05	0
P53319	4.4735307523042e-06	0	4.4735307523042e-06	0
P53598	1.72536747476664e-08	2.07569783578002e-06	2.09295151052769e-06	2.08894686096963e-06
P54115	2.34345981622736e-07	9.38017728637252e-06	9.61452326799525e-06	9.60664032575758e-06
P61829	2.85395449486973e-09	2.52057134762658e-05	2.52085674307606e-05	2.52085674307606e-05
P81449	2.85393622955968e-09	2.52055521596995e-05	2.52084060959291e-05	2.52084060959291e-05
P81450	2.85393622955968e-09	2.52055521596995e-05	2.52084060959291e-05	2.52084060959291e-05
P81451	2.85393622955968e-09	2.52055521596995e-05	2.52084060959291e-05	2.52084060959291e-05
Q00055	1.44398576506847e-09	0	1.44398576506847e-09	0
Q00711	4.28197520359841e-07	1.49024191466434e-06	1.91843943502418e-06	1.9146530032971e-06
Q01519	7.29551325894903e-09	1.04574155754988e-05	1.04647110887577e-05	1.0458532129922e-05
Q01574	7.17015402218617e-07	0	7.17015402218617e-07	0
Q04458	4.13752708353094e-08	0	4.13752708353094e-08	0
Q04935	6.60320162626112e-08	0	6.60320162626112e-08	0
Q06204	2.41127382485213e-07	0	2.41127382485213e-07	0
Q06405	2.85393622955968e-09	2.52055521596995e-05	2.52084060959291e-05	2.52084060959291e-05
Q07500	2.00967817874722e-06	0	2.00967817874722e-06	0
Q12055	1.28357548914726e-06	0	1.28357548914726e-06	8.93595558707276e-07
Q12165	2.85393622955968e-09	2.52055521596995e-05	2.52084060959291e-05	2.52084060959291e-05
Q12189	3.16744885235961e-07	8.19007510212271e-06	8.50681998735867e-06	8.19322604298322e-06
Q12233	2.85393622955968e-09	2.52055521596995e-05	2.52084060959291e-05	2.52084060959291e-05
Q12349	2.85393622955968e-09	2.52055521596995e-05	2.52084060959291e-05	2.52084060959291e-05
Q3E731	6.60320162626112e-08	0	6.60320162626112e-08	0
