enzymes	ranges	minU	maxU	pU
P00127	2.28648421852058e-09	3.63526554514039e-05	3.63549419356224e-05	3.63549056574667e-05
P00128	2.28648421852058e-09	3.63526554514039e-05	3.63549419356224e-05	3.63549056574667e-05
P00163	2.28648421852058e-09	3.63526554514039e-05	3.63549419356224e-05	3.63549056574667e-05
P00330	1.67424956656236e-05	0	1.67424956656236e-05	8.28207494588316e-07
P00358	9.81402313152122e-05	0	9.81402313152122e-05	0
P00359	9.84150524059168e-05	0	9.84150524059168e-05	8.20099739010322e-05
P00360	9.84059678378954e-05	0	9.84059678378954e-05	0
P00401	7.25344669178348e-10	1.15322050458671e-05	1.15329303905363e-05	1.15329188819649e-05
P00410	7.25344669178348e-10	1.15322050458671e-05	1.15329303905363e-05	1.15329188819649e-05
P00420	7.25344669178348e-10	1.15322050458671e-05	1.15329303905363e-05	1.15329188819649e-05
P00425	7.58490305027957e-08	1.14570813600335e-05	1.15329303905363e-05	1.15329188819649e-05
P00427	7.58490305027957e-08	1.14570813600335e-05	1.15329303905363e-05	1.15329188819649e-05
P00549	8.27215325156623e-06	0	8.27215325156623e-06	8.27103354776076e-06
P00560	1.31088890059787e-05	3.74147805201184e-06	1.68503670579906e-05	3.74244608362306e-06
P00830	2.88634758744544e-09	2.89420832810348e-05	2.89449696286223e-05	2.89420888235309e-05
P00854	2.88632911481899e-09	2.89418980517018e-05	2.89447843808167e-05	2.89419035941624e-05
P00856	2.88632911481899e-09	2.89418980517018e-05	2.89447843808167e-05	2.89419035941624e-05
P00890	3.58326680154571e-06	0	3.58326680154571e-06	3.57958521863514e-06
P00924	1.82056730464656e-05	0	1.82056730464656e-05	0
P00925	1.81503950340332e-05	0	1.81503950340332e-05	0
P00942	2.1885436696393e-05	1.16893195599526e-07	2.20023298919926e-05	1.16953171653291e-07
P00950	2.12416468958093e-05	3.48620012242145e-06	2.47278470182307e-05	3.48710210604253e-06
P04037	7.58490305027957e-08	1.14570813600335e-05	1.15329303905363e-05	1.15329188819649e-05
P04039	1.51698061005591e-07	2.2914162720067e-05	2.30658607810726e-05	2.30658377639298e-05
P04385	0	0	0	0
P04397	7.49954418306206e-06	0	7.49954418306206e-06	0
P04806	4.74082591252321e-06	0	4.74082591252321e-06	4.74082591252321e-06
P04807	1.02524569852515e-05	0	1.02524569852515e-05	0
P05626	2.88632911481899e-09	2.89418980517018e-05	2.89447843808167e-05	2.89419035941624e-05
P06169	1.53785237024496e-05	0	1.53785237024496e-05	1.53757411902605e-05
P07143	2.28648421852058e-09	3.63526554514039e-05	3.63549419356224e-05	3.63549056574667e-05
P07170	2.49504840671651e-05	0	2.49504840671651e-05	0
P07251	2.88634758744544e-09	2.89420832810348e-05	2.89449696286223e-05	2.89420888235309e-05
P07255	7.25344669178348e-10	1.15322050458671e-05	1.15329303905363e-05	1.15329188819649e-05
P07256	2.28648421852058e-09	3.63526554514039e-05	3.63549419356224e-05	3.63549056574667e-05
P07257	2.28648421852058e-09	3.63526554514039e-05	3.63549419356224e-05	3.63549056574667e-05
P08067	2.28648421852058e-09	3.63526554514039e-05	3.63549419356224e-05	3.63549056574667e-05
P08417	1.10332363381646e-05	4.77158987524077e-07	1.15103953256887e-05	4.77325669413666e-07
P08431	1.38356731971489e-05	0	1.38356731971489e-05	0
P08525	2.28648421852058e-09	3.63526554514039e-05	3.63549419356224e-05	3.63549056574667e-05
P09201	3.72699114593618e-09	0	3.72699114593618e-09	0
P09457	2.88632911481899e-09	2.89418980517018e-05	2.89447843808167e-05	2.89419035941624e-05
P09624	3.74220335469135e-08	1.6103718449248e-05	1.6141140482795e-05	1.61040983144925e-05
P0CX10	2.11207589748035e-05	0	2.11207589748035e-05	0
P0CX11	2.11207589748035e-05	0	2.11207589748035e-05	0
P10174	7.58490305027957e-08	1.14570813600335e-05	1.15329303905363e-05	1.15329188819649e-05
P10963	4.18985940110556e-09	0	4.18985940110556e-09	0
P11154	2.56274011786476e-06	0	2.56274011786476e-06	2.5624653430822e-06
P11412	2.59990222004709e-09	2.30544236905886e-07	2.33144139125933e-07	2.30681073864834e-07
P12695	2.7153601254691e-09	1.16849328602354e-06	1.17120864614901e-06	1.16852084922201e-06
P12709	9.56894944891904e-06	1.47350407608754e-06	1.10424535250066e-05	1.4757794449886e-06
P14540	1.48170434098972e-05	3.12198446491044e-05	4.60368880590016e-05	3.12358305742042e-05
P15019	1.58346600304647e-05	1.35182781941989e-06	1.71864878498846e-05	1.35263859121411e-06
P16387	3.74220335469135e-08	1.6103718449248e-05	1.6141140482795e-05	1.61040983144925e-05
P16451	2.7153601254691e-09	1.16849328602354e-06	1.17120864614901e-06	1.16852084922201e-06
P16467	1.53785237024496e-05	0	1.53785237024496e-05	0
P16861	1.58165773355842e-06	0	1.58165773355842e-06	0
P16862	1.2638854296594e-06	1.58044384905902e-06	2.84432927871842e-06	2.84360162714346e-06
P17505	1.64495774920103e-05	2.65103451345158e-06	1.91006120054619e-05	2.65111760897381e-06
P17709	4.74082591252321e-06	0	4.74082591252321e-06	0
P19414	6.87058556232545e-06	3.52842202119623e-06	1.03990075835217e-05	3.52962589946368e-06
P19516	4.36976370018291e-06	0	4.36976370018291e-06	0
P20967	4.36066901701437e-08	1.73415909545834e-05	1.73851976447536e-05	1.73845806812114e-05
P21306	2.88632911481899e-09	2.89418980517018e-05	2.89447843808167e-05	2.89419035941624e-05
P21801	3.15879352935806e-09	2.2519815416663e-06	2.25514033519566e-06	2.25276820721908e-06
P21826	6.12697409284372e-07	0	6.12697409284372e-07	0
P21954	4.32952138117832e-08	1.76378411459793e-05	1.7681136359791e-05	1.76805238031313e-05
P22289	2.28648421852058e-09	3.63526554514039e-05	3.63549419356224e-05	3.63549056574667e-05
P23254	8.98285658155951e-06	0	8.98285658155951e-06	1.03730204847021e-06
P26263	1.53785237024496e-05	0	1.53785237024496e-05	0
P28240	7.87539272529054e-08	8.12442304433462e-07	8.91196231686367e-07	8.13691280717259e-07
P30902	2.88632911481899e-09	2.89418980517018e-05	2.89447843808167e-05	2.89419035941624e-05
P30952	6.12697409284372e-07	0	6.12697409284372e-07	5.59412755493116e-07
P32327	2.56274011786476e-06	0	2.56274011786476e-06	0
P32340	2.62953603016354e-06	4.38083209149855e-06	7.01036812166209e-06	7.01001510895638e-06
P32473	3.74220335469135e-08	1.6103718449248e-05	1.6141140482795e-05	1.61040983144925e-05
P32799	7.58490305027957e-08	1.14570813600335e-05	1.15329303905363e-05	1.15329188819649e-05
P33315	8.83634816211848e-06	0	8.83634816211848e-06	0
P33401	9.29188142433257e-06	0	9.29188142433257e-06	0
P33421	3.15879352935806e-09	2.2519815416663e-06	2.25514033519566e-06	2.25276820721908e-06
P37012	9.29532789686731e-06	0	9.29532789686731e-06	0
P37298	3.15879352935806e-09	2.2519815416663e-06	2.25514033519566e-06	2.25276820721908e-06
P37299	2.28648421852058e-09	3.63526554514039e-05	3.63549419356224e-05	3.63549056574667e-05
P38077	2.88632911481899e-09	2.89418980517018e-05	2.89447843808167e-05	2.89419035941624e-05
P38113	1.63872119347279e-05	0	1.63872119347279e-05	0
P38720	3.94506331343109e-06	0	3.94506331343109e-06	3.90224387119963e-06
P38824	4.36976370018291e-06	0	4.36976370018291e-06	0
P38858	1.47533611238892e-05	0	1.47533611238892e-05	1.45974983541667e-05
P40047	2.2938012094474e-08	0	2.2938012094474e-08	0
P40106	1.21445200033402e-08	0	1.21445200033402e-08	0
P40215	2.62953603016354e-06	0	2.62953603016354e-06	0
P41277	1.21445200032766e-08	0	1.21445200032766e-08	0
P41911	1.199405692359e-09	0	1.199405692359e-09	0
P42222	2.11274105215235e-05	0	2.11274105215235e-05	8.73270349544633e-06
P43635	3.58326680154571e-06	0	3.58326680154571e-06	0
P46367	2.29380120946183e-08	0	2.29380120946183e-08	0
P46969	2.25839073866884e-05	6.30097924164726e-07	2.32140053108531e-05	6.30606531669114e-07
P47052	2.96131967947129e-06	0	2.96131967947129e-06	0
P47081	4.36976370018291e-06	0	4.36976370018291e-06	0
P47771	3.27787107724005e-08	0	3.27787107724005e-08	0
P52489	8.27215325156623e-06	0	8.27215325156623e-06	0
P52910	6.63713507295581e-07	0	6.63713507295581e-07	6.60938173076923e-07
P53239	4.36976370018291e-06	0	4.36976370018291e-06	0
P53312	6.03126573717854e-09	2.39852515621937e-06	2.40455642195655e-06	2.40447108938353e-06
P53315	1.47533611238892e-05	0	1.47533611238892e-05	0
P53319	3.94506331343109e-06	0	3.94506331343109e-06	0
P53598	6.03126573717854e-09	2.39852515621937e-06	2.40455642195655e-06	2.40447108938353e-06
P54115	1.49565284077402e-07	9.30872514873673e-06	9.45829043281413e-06	9.45041857575758e-06
P61829	2.88634758744544e-09	2.89420832810348e-05	2.89449696286223e-05	2.89420888235309e-05
P81449	2.88632911481899e-09	2.89418980517018e-05	2.89447843808167e-05	2.89419035941624e-05
P81450	2.88632911481899e-09	2.89418980517018e-05	2.89447843808167e-05	2.89419035941624e-05
P81451	2.88632911481899e-09	2.89418980517018e-05	2.89447843808167e-05	2.89419035941624e-05
Q00055	1.19940569236528e-09	0	1.19940569236528e-09	0
Q00711	2.25514033519566e-06	0	2.25514033519566e-06	2.25276820721908e-06
Q01519	7.58490305027957e-08	1.14570813600335e-05	1.15329303905363e-05	1.15329188819649e-05
Q01574	6.63713507295581e-07	0	6.63713507295581e-07	0
Q04458	5.27439612738547e-08	0	5.27439612738547e-08	0
Q04935	4.36976370018291e-06	0	4.36976370018291e-06	0
Q06204	1.59569515326364e-05	0	1.59569515326364e-05	0
Q06405	2.88632911481899e-09	2.89418980517018e-05	2.89447843808167e-05	2.89419035941624e-05
Q07500	2.62953603016354e-06	0	2.62953603016354e-06	0
Q12055	2.66323405399604e-05	0	2.66323405399604e-05	8.24857438806706e-07
Q12165	2.88632911481899e-09	2.89418980517018e-05	2.89447843808167e-05	2.89419035941624e-05
Q12189	2.07555371614835e-05	7.3373929261821e-06	2.80929300876656e-05	7.34039953825231e-06
Q12233	2.88632911481899e-09	2.89418980517018e-05	2.89447843808167e-05	2.89419035941624e-05
Q12349	2.88632911481899e-09	2.89418980517018e-05	2.89447843808167e-05	2.89419035941624e-05
Q3E731	4.36976370018291e-06	0	4.36976370018291e-06	0
