enzymes	ranges	minU	maxU	pU
P00127	1.51610168190041e-08	2.55430072635894e-05	2.55581682804084e-05	2.55549510162875e-05
P00128	1.51610168190041e-08	2.55430072635894e-05	2.55581682804084e-05	2.55549510162875e-05
P00163	1.51610168190041e-08	2.55430072635894e-05	2.55581682804084e-05	2.55549510162875e-05
P00330	0.000108779257623255	1.91587806949542e-05	0.000127938038318209	1.91587806949542e-05
P00358	0.000111820830833278	0	0.000111820830833278	0
P00359	0.000112133961567547	2.12909366579511e-05	0.000133424898225498	2.12909366579511e-05
P00360	0.000112123610624511	2.12889713187314e-05	0.000133412581943242	2.12889713187314e-05
P00401	4.80955111778074e-09	8.10304484209035e-06	8.10785439320814e-06	8.10683377589509e-06
P00410	4.80955111778074e-09	8.10304484209035e-06	8.10785439320814e-06	8.10683377589509e-06
P00420	4.80955111778074e-09	8.10304484209035e-06	8.10785439320814e-06	8.10683377589509e-06
P00425	5.19764834285191e-07	7.4970613199542e-06	8.01682615423939e-06	8.01580553692634e-06
P00427	5.19810422380618e-07	7.4970613199542e-06	8.01687174233482e-06	8.01580553692634e-06
P00549	2.85155950387433e-06	0	2.85155950387433e-06	2.85001915968324e-06
P00560	8.95968346833896e-05	1.71783707001072e-05	0.000106775205383497	1.71783707001072e-05
P00830	8.14237638226381e-09	2.0264087529329e-05	2.02722299057113e-05	2.0264087529329e-05
P00854	8.14232427105539e-09	2.02639578391688e-05	2.02721001634399e-05	2.02639578391688e-05
P00856	8.14232427105539e-09	2.02639578391688e-05	2.02721001634399e-05	2.02639578391688e-05
P00890	2.48748457291929e-06	1.36832263342601e-07	2.6243168362619e-06	2.59555517517377e-06
P00924	8.5620481856091e-05	1.52448955070156e-05	0.000100865377363107	1.52448955070156e-05
P00925	8.54414431260381e-05	1.52130173083394e-05	0.000100654460434378	1.52130173083394e-05
P00942	6.40480999644374e-05	4.26487511467246e-08	6.40907487155841e-05	4.29991522632432e-08
P00950	0.00014518893956192	1.30274691226383e-06	0.000146491686474184	1.30439749289863e-06
P04037	5.19810422380618e-07	7.4970613199542e-06	8.01687174233482e-06	8.01580553692634e-06
P04039	1.03962084476124e-06	1.49941226399084e-05	1.60337434846696e-05	1.60316110738527e-05
P04385	0	0	0	0
P04397	5.12617845106416e-05	9.02849779387932e-06	6.02902823045209e-05	9.02849779387932e-06
P04806	2.46177440101253e-06	1.03236326921446e-07	2.56501072793398e-06	1.96254800473691e-06
P04807	4.24189674785357e-06	0	4.24189674785357e-06	0
P05626	8.14232427105539e-09	2.02639578391688e-05	2.02721001634399e-05	2.02639578391688e-05
P06169	5.25318301608285e-06	2.09481661227035e-08	5.27413118220556e-06	3.83925264222433e-07
P07143	1.51610168190041e-08	2.55430072635894e-05	2.55581682804084e-05	2.55549510162875e-05
P07170	0.000165738973560674	0	0.000165738973560674	0
P07251	8.14237638226381e-09	2.0264087529329e-05	2.02722299057113e-05	2.0264087529329e-05
P07255	4.80955111778074e-09	8.10304484209035e-06	8.10785439320814e-06	8.10683377589509e-06
P07256	1.51610168190041e-08	2.55430072635894e-05	2.55581682804084e-05	2.55549510162875e-05
P07257	1.51610168190041e-08	2.55430072635894e-05	2.55581682804084e-05	2.55549510162875e-05
P08067	1.51610168190041e-08	2.55430072635894e-05	2.55581682804084e-05	2.55549510162875e-05
P08417	7.54145575336404e-05	1.36484296507708e-05	8.90629871844113e-05	1.36484296507708e-05
P08431	9.45712540228436e-05	1.66563916270295e-05	0.000111227645649873	1.66563916270295e-05
P08525	1.51610168190041e-08	2.55430072635894e-05	2.55581682804084e-05	2.55549510162875e-05
P09201	1.44287855040236e-06	0	1.44287855040236e-06	0
P09457	8.14232427105539e-09	2.02639578391688e-05	2.02721001634399e-05	2.02639578391688e-05
P09624	1.15259425587173e-07	1.16649986057553e-05	1.17802580313425e-05	1.16654235870971e-05
P0CX10	8.46951161254761e-05	1.50801323152748e-05	9.97752484407509e-05	1.50801323152748e-05
P0CX11	8.46951161254762e-05	1.50801323152748e-05	9.97752484407509e-05	1.50801323152748e-05
P10174	5.19764834285191e-07	7.4970613199542e-06	8.01682615423939e-06	8.01580553692634e-06
P10963	4.86622427240524e-06	0	4.86622427240524e-06	0
P11154	6.63270467891612e-06	0	6.63270467891612e-06	1.61243095756418e-06
P11412	3.37252971091749e-08	2.23183276313685e-07	2.5690857342286e-07	2.24044206886474e-07
P12695	8.3632774240305e-09	8.46417713725958e-07	8.54780991149988e-07	8.46448550569392e-07
P12709	6.5393353471542e-05	4.8933852084085e-07	6.58826919923829e-05	4.91415943759494e-07
P14540	0.000101195918643744	1.14796716139105e-05	0.000112675590257654	1.14999703716798e-05
P15019	0.000108235105202519	1.31308922162908e-06	0.000109548194424148	1.31874574173933e-06
P16387	1.15259425587173e-07	1.16649986057553e-05	1.17802580313425e-05	1.16654235870971e-05
P16451	8.3632774240305e-09	8.46417713725958e-07	8.54780991149988e-07	8.46448550569392e-07
P16467	5.25318301608285e-06	2.09481661227035e-08	5.27413118220556e-06	2.09481661227035e-08
P16861	5.29307764350688e-07	2.47053519467479e-08	5.54013116297436e-07	2.70201188929334e-08
P16862	4.22557825563333e-07	6.0278882741425e-07	1.02534665297758e-06	1.02534665297758e-06
P17505	0.000112438126385206	2.18165433474768e-05	0.000134254669732682	2.18165433474768e-05
P17709	2.46177440101253e-06	1.03236326921446e-07	2.56501072793398e-06	1.03236326921446e-07
P19414	4.69543904392311e-05	2.69425223351265e-06	4.96486426727437e-05	2.69425223351265e-06
P19516	2.98687333114342e-05	5.26063997542404e-06	3.51293732868583e-05	5.26063997542404e-06
P20967	1.23014319444446e-07	1.33718190648408e-05	1.34948333842853e-05	1.34583988587998e-05
P21306	8.14232427105539e-09	2.02639578391688e-05	2.02721001634399e-05	2.02639578391688e-05
P21801	1.74239507011388e-08	1.72746144797019e-06	1.74488539867133e-06	1.72746144797019e-06
P21826	3.84177195510655e-07	0	3.84177195510655e-07	0
P21954	1.30812442983873e-07	1.35353792687527e-05	1.36661917117365e-05	1.36213406356119e-05
P22289	1.51610168190041e-08	2.55430072635894e-05	2.55581682804084e-05	2.55549510162875e-05
P23254	5.43104079862179e-05	0	5.43104079862179e-05	0
P26263	5.25318301608281e-06	2.09481661227035e-08	5.27413118220552e-06	2.09481661227035e-08
P28240	2.66811960617037e-07	3.1947150813457e-07	5.86283468751607e-07	3.55212671608297e-07
P30902	8.14232427105539e-09	2.02639578391688e-05	2.02721001634399e-05	2.02639578391688e-05
P30952	3.84177195510654e-07	1.88926892560644e-08	4.03069884766718e-07	2.44208711730704e-07
P32327	6.63270467891612e-06	0	6.63270467891612e-06	0
P32340	1.41261486790136e-06	3.37403097072208e-06	4.78664583862344e-06	4.78593804051685e-06
P32473	1.15259425587173e-07	1.16649986057553e-05	1.17802580313425e-05	1.16654235870971e-05
P32799	5.19810422380618e-07	7.4970613199542e-06	8.01687174233482e-06	8.01580553692634e-06
P33315	5.34246171510866e-05	9.46530985482287e-06	6.28899270059095e-05	9.46530985482287e-06
P33401	6.35129831421416e-05	0	6.35129831421416e-05	0
P33421	1.74239507011388e-08	1.72746144797019e-06	1.74488539867133e-06	1.72746144797019e-06
P37012	6.35365408848637e-05	1.11903930907952e-05	7.47269339756588e-05	1.11903930907952e-05
P37298	1.74239507011388e-08	1.72746144797019e-06	1.74488539867133e-06	1.72746144797019e-06
P37299	1.51610168190041e-08	2.55430072635894e-05	2.55581682804084e-05	2.55549510162875e-05
P38077	8.14232427105539e-09	2.02639578391688e-05	2.02721001634399e-05	2.02639578391688e-05
P38113	0.000106470909975191	0	0.000106470909975191	0
P38720	3.66975947842015e-06	0	3.66975947842015e-06	3.63514144092172e-06
P38824	2.98687333114342e-05	5.26063997542404e-06	3.51293732868583e-05	5.26063997542404e-06
P38858	1.57224875159252e-05	5.34687010273317e-07	1.62571745261985e-05	1.41775174117761e-05
P40047	2.01238924333399e-06	3.59489174227309e-09	2.01598413507626e-06	2.68490264837083e-08
P40106	1.37301606172851e-05	0	1.37301606172851e-05	0
P40215	1.41261486790136e-06	0	1.41261486790136e-06	0
P41277	1.37301606172851e-05	0	1.37301606172851e-05	0
P41911	1.35600524326464e-06	0	1.35600524326464e-06	0
P42222	8.47217891026421e-05	1.50848814914175e-05	9.98066705940595e-05	1.50848814914175e-05
P43635	2.48748457291929e-06	1.36832263342605e-07	2.6243168362619e-06	1.36832263342605e-07
P46367	2.01238924333399e-06	3.59489174227309e-09	2.01598413507626e-06	3.59489174227309e-09
P46969	0.000154376862831821	6.80790169729749e-07	0.00015505765300155	6.9288147338626e-07
P47052	2.17768220770691e-06	1.13600241045529e-07	2.29128244875244e-06	1.13600241045529e-07
P47081	2.98687333114342e-05	5.26063997542404e-06	3.51293732868583e-05	5.26063997542404e-06
P47771	2.87572980155407e-06	5.13714598247534e-09	2.88086694753655e-06	5.13714598247534e-09
P52489	5.44689007804163e-06	1.5008207915128e-07	5.59697215719291e-06	1.5008207915128e-07
P52910	3.95463777124114e-07	0	3.95463777124114e-07	3.86764657057572e-07
P53239	2.98687333114342e-05	5.26063997542404e-06	3.51293732868583e-05	5.26063997542404e-06
P53312	1.70141794103801e-08	1.84946378307681e-06	1.86647796248719e-06	1.86143868286396e-06
P53315	1.35883507148567e-05	0	1.35883507148567e-05	0
P53319	4.20282307667575e-06	1.93145235706322e-07	4.39596831238207e-06	1.93145235706322e-07
P53598	1.70141794103801e-08	1.84946378307681e-06	1.86647796248719e-06	1.86143868286396e-06
P54115	2.06277837750472e-06	0	2.06277837750472e-06	1.12255197622629e-06
P61829	8.14237638226381e-09	2.0264087529329e-05	2.02722299057113e-05	2.0264087529329e-05
P81449	8.14232427105539e-09	2.02639578391688e-05	2.02721001634399e-05	2.02639578391688e-05
P81450	8.14232427105539e-09	2.02639578391688e-05	2.02721001634399e-05	2.02639578391688e-05
P81451	8.14232427105539e-09	2.02639578391688e-05	2.02721001634399e-05	2.02639578391688e-05
Q00055	1.35600524326464e-06	0	1.35600524326464e-06	0
Q00711	1.6583751554694e-06	0	1.6583751554694e-06	1.64095120476826e-06
Q01519	5.19810422380618e-07	7.4970613199542e-06	8.01687174233482e-06	8.01580553692634e-06
Q01574	5.89941068802424e-07	2.08138830065309e-08	6.10754951808955e-07	2.08138830065309e-08
Q04458	4.62731381784212e-06	8.2661405032858e-09	4.63557995834541e-06	8.2661405032858e-09
Q04935	2.98687333114342e-05	5.26063997542404e-06	3.51293732868583e-05	5.26063997542404e-06
Q06204	1.08270356578982e-05	0	1.08270356578982e-05	0
Q06405	8.14232427105539e-09	2.02639578391688e-05	2.02721001634399e-05	2.02639578391688e-05
Q07500	1.41261486790136e-06	7.8486591986672e-08	1.49110145988803e-06	7.8486591986672e-08
Q12055	0.00017691106804698	0	0.00017691106804698	5.08662087264165e-07
Q12165	8.14232427105539e-09	2.02639578391688e-05	2.02721001634399e-05	2.02639578391688e-05
Q12189	0.000141869185041189	6.30479050462847e-06	0.000148173975545817	6.32370706249169e-06
Q12233	8.14232427105539e-09	2.02639578391688e-05	2.02721001634399e-05	2.02639578391688e-05
Q12349	8.14232427105539e-09	2.02639578391688e-05	2.02721001634399e-05	2.02639578391688e-05
Q3E731	2.98687333114342e-05	5.26063997542404e-06	3.51293732868583e-05	5.26063997542404e-06
