enzymes	ranges	minU	maxU	pU
P00127	5.42217569882045e-10	2.62003529873221e-06	2.62057751630209e-06	2.62055482449406e-06
P00128	5.42217569882469e-10	2.62003529873221e-06	2.62057751630209e-06	2.62055482449406e-06
P00163	5.42217569882045e-10	2.62003529873221e-06	2.62057751630209e-06	2.62055482449406e-06
P00330	0.000617283950617284	0	0.000617283950617284	0
P00358	0.000996390948192434	0	0.000996390948192434	0
P00359	0.000999181131621602	0	0.000999181131621602	2.5859444962303e-06
P00360	0.000999088898485165	0	0.000999088898485165	0
P00401	1.72008457640902e-10	8.31157556915769e-07	8.3132956537341e-07	8.31322366818591e-07
P00410	1.72008457640902e-10	8.31157556915769e-07	8.3132956537341e-07	8.31322366818591e-07
P00420	1.72008457640902e-10	8.31157556915769e-07	8.3132956537341e-07	8.31322366818591e-07
P00425	8.31329565373409e-07	0	8.31329565373409e-07	8.31322366818591e-07
P00427	8.31329565373375e-07	0	8.31329565373375e-07	8.31322366818591e-07
P00549	2.60233616250634e-07	0	2.60233616250634e-07	2.59973893596502e-07
P00560	0.00079629562501454	1.17874605062447e-07	0.000796413499619602	1.17874605062447e-07
P00830	6.70662887545618e-10	2.0789720983299e-06	2.07964276121745e-06	2.07897556513391e-06
P00854	6.70658595303143e-10	2.07895879290847e-06	2.07962945150378e-06	2.07896225969029e-06
P00856	6.70658595303143e-10	2.07895879290847e-06	2.07962945150378e-06	2.07896225969029e-06
P00890	3.08701438613614e-07	0	3.08701438613614e-07	3.08650294597506e-07
P00924	0.00076123369643546	0	0.00076123369643546	0
P00925	0.000759641900742084	0	0.000759641900742084	0
P00942	6.4126137988401e-05	3.62973916488289e-09	6.41297677275659e-05	3.63439645520011e-09
P00950	0.000964286508601531	1.09832118987874e-07	0.000964396340720518	1.09902160268035e-07
P04037	8.31329565373375e-07	0	8.31329565373375e-07	8.31322366818591e-07
P04039	1.66265913074675e-06	0	1.66265913074675e-06	1.66264473363718e-06
P04385	0	0	0	0
P04397	0.000455591216331344	0	0.000455591216331344	0
P04806	1.53058745381268e-07	0	1.53058745381268e-07	1.53058745381268e-07
P04807	3.31003127343863e-07	0	3.31003127343863e-07	0
P05626	6.70658595303143e-10	2.07895879290847e-06	2.07962945150378e-06	2.07896225969029e-06
P06169	2.28224382782689e-08	0	2.28224382782689e-08	2.21834745922701e-08
P07143	5.42217569882469e-10	2.62003529873221e-06	2.62057751630209e-06	2.62055482449406e-06
P07170	0.00146880243169651	0	0.00146880243169651	0
P07251	6.70662887545618e-10	2.0789720983299e-06	2.07964276121745e-06	2.07897556513391e-06
P07255	1.72008457641114e-10	8.31157556915769e-07	8.3132956537341e-07	8.31322366818591e-07
P07256	5.42217569882469e-10	2.62003529873221e-06	2.62057751630209e-06	2.62055482449406e-06
P07257	5.42217569882045e-10	2.62003529873221e-06	2.62057751630209e-06	2.62055482449406e-06
P08067	5.42217569882469e-10	2.62003529873221e-06	2.62057751630209e-06	2.62055482449406e-06
P08417	0.000536685212215824	4.17202474289619e-08	0.000536726932463253	4.17202474289618e-08
P08431	0.000840505906330736	0	0.000840505906330736	0
P08525	5.42217569882469e-10	2.62003529873221e-06	2.62057751630209e-06	2.62055482449406e-06
P09201	8.65992250774849e-10	0	8.65992250774849e-10	0
P09457	6.70658595303143e-10	2.07895879290847e-06	2.07962945150378e-06	2.07896225969029e-06
P09624	5.79684608684185e-09	1.17415281495105e-06	1.17994966103789e-06	1.17438292750038e-06
P0CX10	0.000753006464347993	0	0.000753006464347993	0
P0CX11	0.000753006464347993	0	0.000753006464347993	0
P10174	8.31329565373409e-07	0	8.31329565373409e-07	8.31322366818591e-07
P10963	9.73542901273808e-10	0	9.73542901273808e-10	0
P11154	8.88713784032775e-08	0	8.88713784032775e-08	8.87029749319431e-08
P11412	2.22565117548092e-10	1.20472355813427e-08	1.22698006988908e-08	1.20472355813427e-08
P12695	4.20621842957107e-10	8.51970732945851e-08	8.56176951375422e-08	8.52137703679828e-08
P12709	0.0005811678544236	4.29737515276777e-08	0.000581210828175127	4.31504396037633e-08
P14540	0.000899153455653504	9.69575497116863e-07	0.000900123031150621	9.70816844112951e-07
P15019	0.00096189366709577	7.09087198115502e-08	0.000961964575815581	7.10941867990602e-08
P16387	5.79684608684185e-09	1.17415281495105e-06	1.17994966103789e-06	1.17438292750038e-06
P16451	4.20621842957649e-10	8.51970732945846e-08	8.56176951375422e-08	8.51970732945846e-08
P16467	2.28224382782689e-08	0	2.28224382782689e-08	0
P16861	4.92395686751243e-08	0	4.92395686751243e-08	0
P16862	3.94657085782934e-08	4.90828717387824e-08	8.85485803170759e-08	8.8379796753594e-08
P17505	0.000999298468652001	2.27790798359827e-07	0.000999526259450361	2.27790798359827e-07
P17709	1.53058745381268e-07	0	1.53058745381268e-07	0
P19414	0.000417309355326476	3.04065365484826e-07	0.00041761342069196	3.04342544498448e-07
P19516	4.80436136511097e-05	0	4.80436136511097e-05	0
P20967	1.01323169803342e-08	1.5391491116538e-06	1.54928142863413e-06	1.54889926215339e-06
P21306	6.70658595303143e-10	2.07895879290847e-06	2.07962945150378e-06	2.07896225969029e-06
P21801	2.14073881114514e-10	1.96901304555291e-07	1.97115378436406e-07	1.96901304555291e-07
P21826	2.04254495131967e-08	0	2.04254495131967e-08	0
P21954	1.00599433131805e-08	1.54215914603484e-06	1.55221908934802e-06	1.55183965260229e-06
P22289	5.42217569882045e-10	2.62003529873221e-06	2.62057751630209e-06	2.62055482449406e-06
P23254	0.000482747397914751	0	0.000482747397914751	6.14121529723635e-08
P26263	2.28224382782689e-08	0	2.28224382782689e-08	0
P28240	1.82951882705034e-08	1.14145564759646e-08	2.97097447464679e-08	1.21800268002584e-08
P30902	6.70658595303143e-10	2.07895879290847e-06	2.07962945150378e-06	2.07896225969029e-06
P30952	2.04254495131967e-08	0	2.04254495131967e-08	8.37376842517765e-09
P32327	8.88713784032775e-08	0	8.88713784032775e-08	0
P32340	1.30390636870062e-07	3.59775504538446e-07	4.90166141408508e-07	4.90081709705438e-07
P32473	5.79684608684185e-09	1.17415281495105e-06	1.17994966103789e-06	1.17438292750038e-06
P32799	8.31329565373409e-07	0	8.31329565373409e-07	8.31322366818591e-07
P33315	0.000474873893799943	0	0.000474873893799943	0
P33401	0.000564474247605514	0	0.000564474247605514	0
P33421	2.14073881114514e-10	1.96901304555291e-07	1.97115378436406e-07	1.96901304555291e-07
P37012	0.000564683618012011	0	0.000564683618012011	0
P37298	2.14073881113349e-10	1.96901304555292e-07	1.97115378436405e-07	1.9708242517842e-07
P37299	5.42217569882469e-10	2.62003529873221e-06	2.62057751630209e-06	2.62055482449406e-06
P38077	6.70658595303143e-10	2.07895879290847e-06	2.07962945150378e-06	2.07896225969029e-06
P38113	0.00094626458759805	0	0.00094626458759805	0
P38720	2.09703836847719e-07	0	2.09703836847719e-07	2.06378800251089e-07
P38824	4.80436136511097e-05	0	4.80436136511097e-05	0
P38858	7.76432988225825e-07	0	7.76432988225825e-07	7.64329855013963e-07
P40047	5.32980625505477e-09	0	5.32980625505477e-09	0
P40106	5.91326919993139e-10	0	5.91326919993139e-10	0
P40215	1.30390636870062e-07	0	1.30390636870062e-07	0
P41277	5.91326919993139e-10	0	5.91326919993139e-10	0
P41911	5.84000745763136e-11	0	5.84000745763136e-11	0
P42222	0.0007532436081781	0	0.0007532436081781	2.75226520458553e-07
P43635	3.08701438613614e-07	0	3.08701438613614e-07	0
P46367	5.32980625505477e-09	0	5.32980625505477e-09	0
P46969	0.00137192324677898	3.72179145866288e-08	0.00137196046469357	3.73342603972959e-08
P47052	2.5884049882843e-07	0	2.5884049882843e-07	0
P47081	4.80436136511097e-05	0	4.80436136511097e-05	0
P47771	7.61636086801913e-09	0	7.61636086801913e-09	0
P52489	2.60233616250635e-07	0	2.60233616250635e-07	0
P52910	2.26761405969983e-08	0	2.26761405969983e-08	2.20312724358974e-08
P53239	4.80436136511097e-05	0	4.80436136511097e-05	0
P53312	1.40140643564751e-09	2.12880575556339e-07	2.14281981991987e-07	2.14229124332022e-07
P53315	7.76432988225777e-07	0	7.76432988225777e-07	0
P53319	2.09703836847747e-07	0	2.09703836847747e-07	0
P53598	1.4014064392131e-09	2.12880575556339e-07	2.14281981995552e-07	2.14229124332022e-07
P54115	1.28035642167607e-08	5.15142163856335e-08	6.43177806023942e-08	6.2517064760034e-08
P61829	6.70662887545618e-10	2.0789720983299e-06	2.07964276121745e-06	2.07897556513391e-06
P81449	6.70658595303143e-10	2.07895879290847e-06	2.07962945150378e-06	2.07896225969029e-06
P81450	6.70658595303143e-10	2.07895879290847e-06	2.07962945150378e-06	2.07896225969029e-06
P81451	6.70658595303143e-10	2.07895879290847e-06	2.07962945150378e-06	2.07896225969029e-06
Q00055	5.84000745763136e-11	0	5.84000745763136e-11	0
Q00711	1.97115378436406e-07	0	1.97115378436406e-07	1.9708242517842e-07
Q01519	8.31329565373409e-07	0	8.31329565373409e-07	8.31322366818591e-07
Q01574	2.26761405969962e-08	0	2.26761405969962e-08	0
Q04458	1.22554253418389e-08	0	1.22554253418389e-08	0
Q04935	4.80436136511097e-05	0	4.80436136511097e-05	0
Q06204	6.73161802850232e-07	0	6.73161802850232e-07	0
Q06405	6.70658595303143e-10	2.07895879290847e-06	2.07962945150378e-06	2.07896225969029e-06
Q07500	1.30390636870063e-07	0	1.30390636870063e-07	0
Q12055	0.00156781112709321	0	0.00156781112709321	2.74952479602235e-08
Q12165	6.70658595303143e-10	2.07895879290847e-06	2.07962945150378e-06	2.07896225969029e-06
Q12189	0.00126070006968547	3.40431994717832e-07	0.00126104050168019	3.41119768129848e-07
Q12233	6.70658595303143e-10	2.07895879290847e-06	2.07962945150378e-06	2.07896225969029e-06
Q12349	6.70658595303143e-10	2.07895879290847e-06	2.07962945150378e-06	2.07896225969029e-06
Q3E731	4.80436136511097e-05	0	4.80436136511097e-05	0
