enzymes	ranges	minU	maxU	pU
P00127	4.07398526414517e-09	3.2415364600193e-05	3.24194385854571e-05	3.2416230733721e-05
P00128	4.07398526414517e-09	3.2415364600193e-05	3.24194385854571e-05	3.2416230733721e-05
P00163	4.07398526414517e-09	3.2415364600193e-05	3.24194385854571e-05	3.2416230733721e-05
P00330	4.40119322751235e-08	1.89214194101354e-06	1.93615387328866e-06	1.90568827993636e-06
P00358	1.12152364327194e-05	0	1.12152364327194e-05	0
P00359	0.00012030089715378	0	0.00012030089715378	0.000120269491241366
P00360	0.000120289792331332	0	0.000120289792331332	0
P00401	1.29239619049881e-09	1.02831726201045e-05	1.0284465016295e-05	1.02834473848863e-05
P00410	1.29239619049881e-09	1.02831726201045e-05	1.0284465016295e-05	1.02834473848863e-05
P00420	1.29239619049881e-09	1.02831726201045e-05	1.0284465016295e-05	1.02834473848863e-05
P00425	1.17988441521848e-09	1.02831138023e-05	1.02842936867153e-05	1.02834473848863e-05
P00427	1.17988441521848e-09	1.02831138023e-05	1.02842936867153e-05	1.02834473848863e-05
P00549	1.72548611396756e-06	1.05733094714815e-05	1.22987955854491e-05	1.22983327765485e-05
P00560	2.57650141403374e-08	5.49937229653229e-06	5.52513731067262e-06	5.50004348268912e-06
P00830	2.68984951039232e-09	2.57878035923265e-05	2.57904934418369e-05	2.5787981336282e-05
P00854	2.68983229535568e-09	2.57876385503835e-05	2.57903283826789e-05	2.57878162932014e-05
P00856	2.68983229535568e-09	2.57876385503835e-05	2.57903283826789e-05	2.57878162932014e-05
P00890	2.48825361762809e-06	4.86896894510562e-07	2.97515051213865e-06	2.97447280728623e-06
P00924	3.48529739109991e-08	0	3.48529739109991e-08	0
P00925	3.47471495824922e-08	0	3.47471495824922e-08	0
P00942	4.19146559723232e-08	1.71324898544175e-07	2.13239554516498e-07	1.71342149135673e-07
P00950	4.12887127482152e-08	5.12415470755014e-06	5.16544342029835e-06	5.12478009923481e-06
P04037	1.17988441521848e-09	1.02831138023e-05	1.02842936867153e-05	1.02834473848863e-05
P04039	2.35976883043696e-09	2.05662276046001e-05	2.05685873734305e-05	2.05668947697725e-05
P04385	0	0	0	0
P04397	1.43571411552973e-08	0	1.43571411552973e-08	0
P04806	6.84915604245317e-07	5.88988928739241e-06	6.57480489163772e-06	6.57480489163772e-06
P04807	3.8588060468795e-08	0	3.8588060468795e-08	0
P05626	2.68983229535568e-09	2.57876385503835e-05	2.57903283826789e-05	2.57878162932014e-05
P06169	1.32242940276008e-05	1.78599537912943e-05	3.10842478188951e-05	3.10831115291837e-05
P07143	4.07398526414517e-09	3.2415364600193e-05	3.24194385854571e-05	3.2416230733721e-05
P07170	7.32940632585537e-07	0	7.32940632585537e-07	0
P07251	2.68984951039232e-09	2.57878035923265e-05	2.57904934418369e-05	2.5787981336282e-05
P07255	1.29239619049881e-09	1.02831726201045e-05	1.0284465016295e-05	1.02834473848863e-05
P07256	4.07398526414517e-09	3.2415364600193e-05	3.24194385854571e-05	3.2416230733721e-05
P07257	4.07398526414517e-09	3.2415364600193e-05	3.24194385854571e-05	3.2416230733721e-05
P08067	4.07398526414517e-09	3.2415364600193e-05	3.24194385854571e-05	3.2416230733721e-05
P08417	2.12132293567367e-08	3.93487268531218e-07	4.14700497887955e-07	3.93578117646903e-07
P08431	2.64870381749311e-08	0	2.64870381749311e-08	0
P08525	4.07398526414517e-09	3.2415364600193e-05	3.24194385854571e-05	3.2416230733721e-05
P09201	2.0360799178482e-09	0	2.0360799178482e-09	0
P09457	2.68983229535568e-09	2.57876385503835e-05	2.57903283826789e-05	2.57878162932014e-05
P09624	1.32850869378296e-08	1.4180356444008e-05	1.41936415309458e-05	1.41826289671287e-05
P0CX10	1.28535992197844e-05	0	1.28535992197844e-05	0
P0CX11	1.28535992197844e-05	0	1.28535992197844e-05	0
P10174	1.17988441521848e-09	1.02831138023e-05	1.02842936867153e-05	1.02834473848863e-05
P10963	1.43681529475815e-09	0	1.43681529475815e-09	0
P11154	3.00446122741058e-06	0	3.00446122741058e-06	3.00239262630122e-06
P11412	6.66560340660803e-10	2.66844027093093e-07	2.67510587433753e-07	2.66918165659239e-07
P12695	9.63909937798161e-10	1.02893330823603e-06	1.02989721817383e-06	1.02909814143122e-06
P12709	1.87684609297094e-08	2.15469649200659e-06	2.1734649529363e-06	2.15515049451069e-06
P14540	3.29336973173543e-08	4.57343176442872e-05	4.57672513416046e-05	4.57389161699774e-05
P15019	3.07516280423492e-08	1.5654906380572e-06	1.59624226609955e-06	1.56592991600343e-06
P16387	1.32850869378296e-08	1.4180356444008e-05	1.41936415309458e-05	1.41826289671287e-05
P16451	9.63909937798161e-10	1.02893330823603e-06	1.02989721817383e-06	1.02909814143122e-06
P16467	2.69413286995963e-06	0	2.69413286995963e-06	0
P16861	4.5914101773537e-08	0	4.5914101773537e-08	0
P16862	3.69112046702055e-08	4.1272579945179e-06	4.16416919918811e-06	4.16391221407563e-06
P17505	3.19882723356233e-08	2.14304923305761e-06	2.17503750539324e-06	2.14363079950583e-06
P17709	6.84915604245317e-07	0	6.84915604245317e-07	0
P19414	1.38116296649475e-08	2.93230271343204e-06	2.94611434309699e-06	2.93295888115523e-06
P19516	8.36548365176123e-09	0	8.36548365176123e-09	0
P20967	2.1933122206794e-08	1.46065526116222e-05	1.4628485733829e-05	1.46244388238553e-05
P21306	2.68983229535568e-09	2.57876385503835e-05	2.57903283826789e-05	2.57878162932014e-05
P21801	7.13313504020773e-10	1.85723977112976e-06	1.85795308463378e-06	1.85751642391493e-06
P21826	6.62407710322333e-08	0	6.62407710322333e-08	0
P21954	2.1776457048175e-08	1.49643506610035e-05	1.49861271180516e-05	1.49821091145778e-05
P22289	4.07398526414517e-09	3.2415364600193e-05	3.24194385854571e-05	3.2416230733721e-05
P23254	9.32629605525247e-07	3.04128929886757e-07	1.236758535412e-06	1.22154755122383e-06
P26263	1.32231468423516e-05	0	1.32231468423516e-05	0
P28240	3.74772267541179e-08	5.88793984654075e-08	9.63566252195254e-08	6.01479137398247e-08
P30902	2.68983229535568e-09	2.57876385503835e-05	2.57903283826789e-05	2.57878162932014e-05
P30952	6.62451798384237e-08	0	6.62451798384237e-08	4.13516906961294e-08
P32327	3.00413559743983e-06	0	3.00413559743983e-06	0
P32340	2.55184055999327e-07	6.06226810804183e-06	6.31745216404115e-06	6.31686405788953e-06
P32473	1.32850869378296e-08	1.4180356444008e-05	1.41936415309458e-05	1.41826289671287e-05
P32799	1.17988441521848e-09	1.02831138023e-05	1.02842936867153e-05	1.02834473848863e-05
P33315	9.17418621339155e-07	0	9.17418621339155e-07	0
P33401	1.7788394861238e-08	0	1.7788394861238e-08	0
P33421	7.13313504020773e-10	1.85723977112976e-06	1.85795308463378e-06	1.85751642391493e-06
P37012	1.77949927945872e-08	0	1.77949927945872e-08	0
P37298	7.13313504020773e-10	1.85723977112976e-06	1.85795308463378e-06	1.85751642391493e-06
P37299	4.07398526414517e-09	3.2415364600193e-05	3.24194385854571e-05	3.2416230733721e-05
P38077	2.68983229535568e-09	2.57876385503835e-05	2.57903283826789e-05	2.57878162932014e-05
P38113	4.30779781131773e-08	0	4.30779781131773e-08	0
P38720	2.96696261940059e-06	1.56474239255213e-06	4.53170501195272e-06	4.52140598725733e-06
P38824	8.36548365176123e-09	0	8.36548365176123e-09	0
P38858	1.7302586050939e-06	1.5197811367714e-05	1.69280699728079e-05	1.68905815229167e-05
P40047	1.65513005807843e-08	0	1.65513005807843e-08	0
P40106	6.76330564421337e-09	0	6.76330564421337e-09	0
P40215	2.032194426347e-07	0	2.032194426347e-07	0
P41277	6.75788681492702e-09	0	6.75788681492702e-09	0
P41911	6.65357163878107e-10	0	6.65357163878107e-10	0
P42222	1.28576471953251e-05	0	1.28576471953251e-05	1.2833918745434e-05
P43635	2.48758069339581e-06	0	2.48758069339581e-06	0
P46367	1.65437882397748e-08	0	1.65437882397748e-08	0
P46969	4.35092647593982e-08	7.4233924620857e-07	7.85848510967968e-07	7.42614810876162e-07
P47052	7.0604915652524e-08	0	7.0604915652524e-08	0
P47081	8.36548365176123e-09	0	8.36548365176123e-09	0
P47771	1.7825402756225e-08	0	1.7825402756225e-08	0
P52489	1.72502330500967e-06	0	1.72502330500967e-06	0
P52910	3.09145286053076e-07	4.19390543782963e-07	7.28535829836039e-07	7.27031990384615e-07
P53239	8.36548365176123e-09	0	8.36548365176123e-09	0
P53312	3.03314427895481e-09	2.02024090951894e-06	2.0232740537979e-06	2.02271432341317e-06
P53315	1.69277015520265e-06	0	1.69277015520265e-06	0
P53319	2.95666359470519e-06	0	2.95666359470519e-06	0
P53598	3.03314427895481e-09	2.02024090951894e-06	2.0232740537979e-06	2.02271432341317e-06
P54115	3.83458445269892e-08	9.60380426676553e-06	9.64215011129252e-06	9.63788467575758e-06
P61829	2.68984951039232e-09	2.57878035923265e-05	2.57904934418369e-05	2.5787981336282e-05
P81449	2.68983229535568e-09	2.57876385503835e-05	2.57903283826789e-05	2.57878162932014e-05
P81450	2.68983229535568e-09	2.57876385503835e-05	2.57903283826789e-05	2.57878162932014e-05
P81451	2.68983229535568e-09	2.57876385503835e-05	2.57903283826789e-05	2.57878162932014e-05
Q00055	6.67951247693993e-10	0	6.67951247693993e-10	0
Q00711	5.42014982591501e-08	1.80375158637463e-06	1.85795308463378e-06	1.85751642391493e-06
Q01519	1.17988441521848e-09	1.02831138023e-05	1.02842936867153e-05	1.02834473848863e-05
Q01574	3.07641446601652e-07	0	3.07641446601652e-07	0
Q04458	1.73190715329045e-08	0	1.73190715329045e-08	0
Q04935	8.36548365176123e-09	0	8.36548365176123e-09	0
Q06204	3.05480173152778e-08	0	3.05480173152778e-08	0
Q06405	2.68983229535568e-09	2.57876385503835e-05	2.57903283826789e-05	2.57878162932014e-05
Q07500	2.54602704891121e-07	0	2.54602704891121e-07	0
Q12055	7.82346525624334e-07	1.74402550101865e-07	9.56749075726199e-07	9.07343182687402e-07
Q12165	2.68983229535568e-09	2.57876385503835e-05	2.57903283826789e-05	2.57878162932014e-05
Q12189	4.13576716423174e-08	8.36216235487878e-06	8.4035200265211e-06	8.3637913439294e-06
Q12233	2.68983229535568e-09	2.57876385503835e-05	2.57903283826789e-05	2.57878162932014e-05
Q12349	2.68983229535568e-09	2.57876385503835e-05	2.57903283826789e-05	2.57878162932014e-05
Q3E731	8.36548365176123e-09	0	8.36548365176123e-09	0
