enzymes	ranges	minU	maxU	pU
P00127	9.36748046289509e-09	3.31000940798353e-05	3.31094615602982e-05	3.31094284255555e-05
P00128	9.36748046289509e-09	3.31000940798353e-05	3.31094615602982e-05	3.31094284255555e-05
P00163	9.36748046289509e-09	3.31000940798353e-05	3.31094615602982e-05	3.31094284255555e-05
P00330	0.000176030277646295	0	0.000176030277646295	0
P00358	0.000220476542034987	0	0.000220476542034987	0
P00359	0.000221093940251241	0	0.000221093940251241	3.96349732499167e-05
P00360	0.000221073531351482	0	0.000221073531351482	0
P00401	2.9716592672495e-09	1.05003903353479e-05	1.05033619946151e-05	1.05033514832332e-05
P00410	2.9716592672495e-09	1.05003903353479e-05	1.05033619946151e-05	1.05033514832332e-05
P00420	2.9716592672495e-09	1.05003903353479e-05	1.05033619946151e-05	1.05033514832332e-05
P00425	8.38187530118874e-07	9.66517446449628e-06	1.05033619946152e-05	1.05033514832332e-05
P00427	8.38187530118874e-07	9.66517446449628e-06	1.05033619946152e-05	1.05033514832332e-05
P00549	3.86376146716273e-06	0	3.86376146716273e-06	3.85926734622497e-06
P00560	0.00014498992669028	1.79786222099224e-06	0.000146787788911272	1.79915781223066e-06
P00830	1.15865325014857e-08	2.62509269207167e-05	2.62625134532182e-05	2.62509319829691e-05
P00854	1.15864583476747e-08	2.62507589147844e-05	2.62623453731321e-05	2.62507639770044e-05
P00856	1.15864583476747e-08	2.62507589147844e-05	2.62623453731321e-05	2.62507639770044e-05
P00890	3.55974147346211e-06	0	3.55974147346211e-06	3.55891610429816e-06
P00924	0.000138553962608725	0	0.000138553962608725	0
P00925	0.000138264236074004	0	0.000138264236074004	0
P00942	6.40230045705287e-05	5.51964481010406e-08	6.40782010186298e-05	5.52767186716217e-08
P00950	0.000234948193594082	1.67519557987245e-06	0.000236623389173954	1.67640277400033e-06
P04037	8.38187530118874e-07	9.66517446449628e-06	1.05033619946152e-05	1.05033514832332e-05
P04039	1.67637506023775e-06	1.93303489289926e-05	2.10067239892303e-05	2.10067029664664e-05
P04385	0	0	0	0
P04397	8.29535552752641e-05	0	8.29535552752641e-05	0
P04806	2.64427951037461e-06	0	2.64427951037461e-06	2.64427951037461e-06
P04807	5.71848923317004e-06	0	5.71848923317004e-06	0
P05626	1.15864583476747e-08	2.62507589147844e-05	2.62623453731321e-05	2.62507639770044e-05
P06169	5.32287900807885e-07	0	5.32287900807885e-07	5.21089824281024e-07
P07143	9.36748046289509e-09	3.31000940798353e-05	3.31094615602982e-05	3.31094284255555e-05
P07170	0.000268038600038637	0	0.000268038600038637	0
P07251	1.15865325014857e-08	2.62509269207167e-05	2.62625134532182e-05	2.62509319829691e-05
P07255	2.9716592672495e-09	1.05003903353479e-05	1.05033619946151e-05	1.05033514832332e-05
P07256	9.36748046289509e-09	3.31000940798353e-05	3.31094615602982e-05	3.31094284255555e-05
P07257	9.36748046289509e-09	3.31000940798353e-05	3.31094615602982e-05	3.31094284255555e-05
P08067	9.36748046289509e-09	3.31000940798353e-05	3.31094615602982e-05	3.31094284255555e-05
P08417	0.000122039062009228	4.76295468094295e-07	0.000122515357477322	4.76966417478096e-07
P08431	0.000153038405176987	0	0.000153038405176987	0
P08525	9.36748046289509e-09	3.31000940798353e-05	3.31094615602982e-05	3.31094284255555e-05
P09201	1.49610893132128e-08	0	1.49610893132128e-08	0
P09457	1.15864583476747e-08	2.62507589147844e-05	2.62623453731321e-05	2.62507639770044e-05
P09624	1.00147699892561e-07	1.50950474537133e-05	1.51951951536058e-05	1.50953834657264e-05
P0CX10	0.000137056504453157	0	0.000137056504453157	0
P0CX11	0.000137056504453157	0	0.000137056504453157	0
P10174	8.38187530118874e-07	9.66517446449628e-06	1.05033619946152e-05	1.05033514832332e-05
P10963	1.68191600827828e-08	0	1.68191600827828e-08	0
P11154	2.06343312034211e-06	0	2.06343312034211e-06	2.06318721637171e-06
P11412	3.84508821950461e-09	2.83307920739105e-07	2.8715300895861e-07	2.83856499077178e-07
P12695	7.26676359276694e-09	1.09530365036246e-06	1.10257041395523e-06	1.09532803155012e-06
P12709	0.000105821426090658	6.29939587902923e-07	0.000106451365678561	6.32984889294133e-07
P14540	0.000163738052524889	1.47615708608312e-05	0.00017849962338572	1.47829660552207e-05
P15019	0.000175143777539451	1.66752740022197e-06	0.000176811304939673	1.67077777824006e-06
P16387	1.00147699892561e-07	1.50950474537133e-05	1.51951951536058e-05	1.50953834657264e-05
P16451	7.26676359276694e-09	1.09530365036246e-06	1.10257041395523e-06	1.09532803155012e-06
P16467	5.32287900807937e-07	0	5.32287900807937e-07	0
P16861	7.49982917215321e-07	0	7.49982917215321e-07	0
P16862	6.01434702205892e-07	7.47275783453295e-07	1.34871048565919e-06	1.34578993277508e-06
P17505	0.00018195118295591	2.61924607759789e-06	0.000184570429033508	2.61931958022587e-06
P17709	2.64427951037461e-06	0	2.64427951037461e-06	0
P19414	7.598803565724e-05	3.504399252792e-06	7.9492434910032e-05	3.50924525846008e-06
P19516	4.83345955160382e-05	0	4.83345955160382e-05	0
P20967	1.75048332755486e-07	1.74011225190681e-05	1.75761708518236e-05	1.75756128095199e-05
P21306	1.15864583476747e-08	2.62507589147844e-05	2.62623453731321e-05	2.62507639770044e-05
P21801	3.6983915873435e-09	2.24790610796896e-06	2.25160449955631e-06	2.25107269534806e-06
P21826	4.79976167521773e-07	0	4.79976167521773e-07	0
P21954	1.73797987521513e-07	1.76059217670569e-05	1.77797197545784e-05	1.77791656982912e-05
P22289	9.36748046289509e-09	3.31000940798353e-05	3.31094615602982e-05	3.31094284255555e-05
P23254	8.93301974395119e-05	0	8.93301974395119e-05	1.44325203627815e-06
P26263	5.32287900807885e-07	0	5.32287900807885e-07	0
P28240	3.16067474959492e-07	3.82079677799456e-07	6.98147152758948e-07	3.83197423119475e-07
P30902	1.15864583476747e-08	2.62507589147844e-05	2.62623453731321e-05	2.62507639770044e-05
P30952	4.79976167521773e-07	0	4.79976167521773e-07	2.63448228394639e-07
P32327	2.06343312034211e-06	0	2.06343312034211e-06	0
P32340	2.01762483656363e-06	4.28052508774679e-06	6.29814992431041e-06	6.29675376944256e-06
P32473	1.00147699892561e-07	1.50950474537133e-05	1.51951951536058e-05	1.50953834657264e-05
P32799	8.38187530118874e-07	9.66517446449628e-06	1.05033619946152e-05	1.05033514832332e-05
P33315	8.78732415239455e-05	0	8.78732415239455e-05	0
P33401	0.000102778859691956	0	0.000102778859691956	0
P33421	3.6983915873435e-09	2.24790610796896e-06	2.25160449955631e-06	2.25107269534806e-06
P37012	0.000102816981628828	0	0.000102816981628828	0
P37298	3.6983915873435e-09	2.24790610796896e-06	2.25160449955631e-06	2.25107269534806e-06
P37299	9.36748046289509e-09	3.31000940798353e-05	3.31094615602982e-05	3.31094284255555e-05
P38077	1.15864583476747e-08	2.62507589147844e-05	2.62623453731321e-05	2.62507639770044e-05
P38113	0.000172294831328027	0	0.000172294831328027	0
P38720	4.90739928229402e-06	0	4.90739928229402e-06	4.85009072589391e-06
P38824	4.83345955160382e-05	0	4.83345955160382e-05	0
P38858	1.81710424069012e-05	0	1.81710424069012e-05	1.79624392616038e-05
P40047	9.20790080196056e-08	0	9.20790080196056e-08	0
P40106	1.02159053449632e-08	0	1.02159053449632e-08	0
P40215	2.01762483656363e-06	0	2.01762483656363e-06	0
P41277	1.02159053449632e-08	0	1.02159053449632e-08	0
P41911	1.00893366061761e-09	0	1.00893366061761e-09	0
P42222	0.00013709966756788	1.72143546978249e-05	0.000154314022265704	1.72143546978249e-05
P43635	3.55974147346211e-06	0	3.55974147346211e-06	0
P46367	9.20790080196056e-08	0	9.20790080196056e-08	0
P46969	0.000249800319175512	8.75356507385941e-07	0.000250675675682898	8.77395511041341e-07
P47052	2.95667662489114e-06	0	2.95667662489114e-06	0
P47081	4.83345955160382e-05	0	4.83345955160382e-05	0
P47771	1.31582072572042e-07	0	1.31582072572042e-07	0
P52489	3.86376146716273e-06	0	3.86376146716273e-06	0
P52910	5.28875798879657e-07	0	5.28875798879657e-07	5.1773490224359e-07
P53239	4.83345955160382e-05	0	4.83345955160382e-05	0
P53312	2.42110329304775e-08	2.40675900024092e-06	2.4309700331714e-06	2.43089285002787e-06
P53315	1.8171042406901e-05	0	1.8171042406901e-05	0
P53319	4.90739928229419e-06	0	4.90739928229419e-06	0
P53598	2.42110329304775e-08	2.40675900024092e-06	2.4309700331714e-06	2.43089285002787e-06
P54115	2.21197438664615e-07	1.27888664543029e-06	1.5000840840949e-06	1.46852586842834e-06
P61829	1.15865325014857e-08	2.62509269207167e-05	2.62625134532182e-05	2.62509319829691e-05
P81449	1.15864583476747e-08	2.62507589147844e-05	2.62623453731321e-05	2.62507639770044e-05
P81450	1.15864583476747e-08	2.62507589147844e-05	2.62623453731321e-05	2.62507639770044e-05
P81451	1.15864583476747e-08	2.62507589147844e-05	2.62623453731321e-05	2.62507639770044e-05
Q00055	1.00893366061761e-09	0	1.00893366061761e-09	0
Q00711	2.2516044995563e-06	0	2.2516044995563e-06	2.25107269534806e-06
Q01519	8.38187530118874e-07	9.66517446449628e-06	1.05033619946152e-05	1.05033514832332e-05
Q01574	5.28875798879653e-07	0	5.28875798879653e-07	0
Q04458	2.11727660319092e-07	0	2.11727660319092e-07	0
Q04935	4.83345955160382e-05	0	4.83345955160382e-05	0
Q06204	1.16297043857878e-05	0	1.16297043857878e-05	0
Q06405	1.15864583476747e-08	2.62507589147844e-05	2.62623453731321e-05	2.62507639770044e-05
Q07500	2.01762483656363e-06	0	2.01762483656363e-06	0
Q12055	0.000286106484141422	0	0.000286106484141422	6.46138327065247e-07
Q12165	1.15864583476747e-08	2.62507589147844e-05	2.62623453731321e-05	2.62507639770044e-05
Q12189	0.000229558845483481	8.00449983978148e-06	0.000237563345323263	8.01655332493188e-06
Q12233	1.15864583476747e-08	2.62507589147844e-05	2.62623453731321e-05	2.62507639770044e-05
Q12349	1.15864583476747e-08	2.62507589147844e-05	2.62623453731321e-05	2.62507639770044e-05
Q3E731	4.83345955160382e-05	0	4.83345955160382e-05	0
