enzymes	subSystems	D_0	D_005	D_01	D_015	D_02	D_025	D_03	D_035	D_04	D_045	D_05	D_055	D_06	D_065	D_07	D_075	D_08	D_085	D_09	D_095	D_1	D_105	D_11	D_115	D_12	D_125	D_13	D_135	D_14	D_145	D_15	D_155	D_16	D_165	D_17	D_175	D_18	D_185	D_19	D_195	D_2	D_205	D_21	D_215	D_22	D_225	D_23	D_235	D_24	D_245	D_25	D_255	D_26	D_265	D_27	D_275	D_28	D_285	D_29	D_295	D_3	D_305	D_31	D_315	D_32	D_325	D_33	D_335	D_34	D_345	D_35	D_355	D_36	D_365	D_37	D_375	D_38	D_385	D_39	D_395	D_4
P00127	Oxidative Phosphorylation	0.008081	0.009627	0.010797	0.011714	0.012453	0.013061	0.01357	0.014003	0.014375	0.014699	0.014984	0.015236	0.01546	0.015662	0.015844	0.016009	0.01616	0.016298	0.016425	0.016543	0.016651	0.016752	0.016846	0.016934	0.017016	0.017093	0.017166	0.017234	0.017298	0.01736	0.017417	0.017472	0.017525	0.017574	0.017622	0.017667	0.01771	0.017752	0.017791	0.017829	0.017866	0.017901	0.017935	0.017967	0.017998	0.018028	0.018058	0.018086	0.018113	0.018139	0.018165	0.018189	0.018213	0.018236	0.018259	0.018281	0.018302	0.018162	0.01767	0.01725	0.016833	0.016418	0.016006	0.015596	0.015188	0.014783	0.014381	0.013981	0.013583	0.013188	0.012796	0.012405	0.012018	0.011632	0.011249	0.010869	0.010491	0.010116	0.009743	0.009372	0.009004
P00128	Oxidative Phosphorylation	0.006821	0.008125	0.009113	0.009887	0.01051	0.011023	0.011453	0.011818	0.012132	0.012406	0.012646	0.012859	0.013048	0.013219	0.013372	0.013512	0.013639	0.013756	0.013863	0.013962	0.014054	0.014139	0.014218	0.014292	0.014361	0.014426	0.014488	0.014545	0.0146	0.014651	0.0147	0.014747	0.014791	0.014833	0.014873	0.014911	0.014947	0.014982	0.015016	0.015048	0.015079	0.015108	0.015137	0.015164	0.01519	0.015216	0.015241	0.015264	0.015287	0.015309	0.015331	0.015352	0.015372	0.015391	0.01541	0.015429	0.015447	0.015328	0.014913	0.014559	0.014207	0.013857	0.013509	0.013163	0.012819	0.012477	0.012137	0.0118	0.011464	0.011131	0.010799	0.01047	0.010143	0.009818	0.009494	0.009173	0.008854	0.008538	0.008223	0.00791	0.007599
P00163	Oxidative Phosphorylation	0.020444	0.024355	0.027314	0.029635	0.031503	0.033041	0.034329	0.035423	0.036365	0.037185	0.037905	0.038542	0.039111	0.039621	0.040082	0.0405	0.040882	0.041231	0.041552	0.041849	0.042123	0.042379	0.042616	0.042838	0.043046	0.043241	0.043425	0.043598	0.043761	0.043915	0.044062	0.044201	0.044333	0.044459	0.044579	0.044693	0.044802	0.044907	0.045007	0.045104	0.045196	0.045285	0.04537	0.045452	0.045531	0.045608	0.045681	0.045753	0.045821	0.045888	0.045952	0.046015	0.046075	0.046134	0.046191	0.046246	0.0463	0.045945	0.0447	0.043638	0.042582	0.041533	0.04049	0.039453	0.038423	0.037398	0.03638	0.035368	0.034362	0.033363	0.032369	0.031382	0.030401	0.029427	0.028458	0.027496	0.02654	0.02559	0.024646	0.023709	0.022778
P00330	Anaerobic excretion // Anaerobic excretion	0	0	0	0	0	0	0	0	0	0	0	0	0	0	0	0	0	0	0	0	0	0	0	0	0	0	0	0	0	0	0	0	0	0	0	0	0	0	0	0	0	0	0	0	0	0	0	0	0	0	0	0	0	0	0	0	0	2.5e-05	0.000278	0.000492	0.000705	0.000917	0.001127	0.001336	0.001543	0.00175	0.001955	0.002159	0.002361	0.002562	0.002762	0.00296	0.003157	0.003353	0.003548	0.003741	0.003933	0.004123	0.004313	0.004501	0.004687
P00358	Glycolysis // Glycolysis	0	0	0	0	0	0	0	0	0	0	0	0	0	0	0	0	0	0	0	0	0	0	0	0	0	0	0	0	0	0	0	0	0	0	0	0	0	0	0	0	0	0	0	0	0	0	0	0	0	0	0	0	0	0	0	0	0	0	0	0	0	0	0	0	0	0	0	0	0	0	0	0	0	0	0	0	0	0	0	0	0
P00359	Glycolysis // Glycolysis	0.012427	0.017927	0.02207	0.025299	0.027882	0.029991	0.031743	0.03322	0.034478	0.035562	0.036504	0.037328	0.038055	0.038698	0.039272	0.039785	0.040246	0.040662	0.041038	0.041379	0.041689	0.041972	0.042231	0.042468	0.042685	0.042884	0.043067	0.043236	0.043391	0.043535	0.043667	0.043789	0.043902	0.044006	0.044102	0.044191	0.044274	0.04435	0.04442	0.044485	0.044544	0.044599	0.04465	0.044697	0.044739	0.044779	0.044814	0.044847	0.044877	0.044904	0.044928	0.04495	0.044969	0.044986	0.045001	0.045015	0.045026	0.051277	0.059763	0.066991	0.074176	0.081319	0.088419	0.095476	0.102491	0.109463	0.116392	0.123279	0.130124	0.136925	0.143684	0.150401	0.157074	0.163706	0.170294	0.17684	0.183343	0.189804	0.196222	0.202597	0.20893
P00360	Glycolysis // Glycolysis	0	0	0	0	0	0	0	0	0	0	0	0	0	0	0	0	0	0	0	0	0	0	0	0	0	0	0	0	0	0	0	0	0	0	0	0	0	0	0	0	0	0	0	0	0	0	0	0	0	0	0	0	0	0	0	0	0	0	0	0	0	0	0	0	0	0	0	0	0	0	0	0	0	0	0	0	0	0	0	0	0
P00401	Oxidative Phosphorylation // Oxidative Phosphorylation	0.008735	0.010406	0.01167	0.012662	0.01346	0.014117	0.014667	0.015135	0.015538	0.015888	0.016195	0.016468	0.016711	0.016929	0.017126	0.017304	0.017467	0.017617	0.017754	0.017881	0.017998	0.018107	0.018208	0.018303	0.018392	0.018475	0.018554	0.018628	0.018697	0.018763	0.018826	0.018885	0.018942	0.018996	0.019047	0.019096	0.019142	0.019187	0.01923	0.019271	0.019311	0.019348	0.019385	0.01942	0.019454	0.019487	0.019518	0.019548	0.019578	0.019606	0.019634	0.01966	0.019686	0.019711	0.019736	0.019759	0.019782	0.01963	0.019099	0.018645	0.018194	0.017746	0.0173	0.016857	0.016417	0.015979	0.015544	0.015112	0.014682	0.014255	0.01383	0.013409	0.012989	0.012573	0.012159	0.011748	0.01134	0.010934	0.01053	0.01013	0.009732
P00410	Oxidative Phosphorylation // Oxidative Phosphorylation	0.004244	0.005056	0.00567	0.006152	0.00654	0.006859	0.007126	0.007353	0.007549	0.007719	0.007869	0.008001	0.008119	0.008225	0.00832	0.008407	0.008486	0.008559	0.008626	0.008687	0.008744	0.008797	0.008847	0.008893	0.008936	0.008976	0.009014	0.00905	0.009084	0.009116	0.009147	0.009176	0.009203	0.009229	0.009254	0.009278	0.0093	0.009322	0.009343	0.009363	0.009382	0.009401	0.009418	0.009435	0.009452	0.009468	0.009483	0.009498	0.009512	0.009526	0.009539	0.009552	0.009565	0.009577	0.009589	0.0096	0.009611	0.009537	0.009279	0.009059	0.00884	0.008622	0.008405	0.00819	0.007976	0.007763	0.007552	0.007342	0.007133	0.006926	0.006719	0.006515	0.006311	0.006109	0.005908	0.005708	0.005509	0.005312	0.005116	0.004922	0.004728
P00420	Oxidative Phosphorylation // Oxidative Phosphorylation	0.00451	0.005373	0.006026	0.006538	0.00695	0.007289	0.007573	0.007815	0.008023	0.008203	0.008362	0.008503	0.008628	0.008741	0.008843	0.008935	0.009019	0.009096	0.009167	0.009232	0.009293	0.009349	0.009402	0.009451	0.009497	0.00954	0.00958	0.009618	0.009654	0.009688	0.009721	0.009751	0.00978	0.009808	0.009835	0.00986	0.009884	0.009907	0.009929	0.00995	0.009971	0.00999	0.010009	0.010027	0.010045	0.010062	0.010078	0.010094	0.010109	0.010123	0.010138	0.010151	0.010165	0.010178	0.01019	0.010202	0.010214	0.010136	0.009861	0.009627	0.009394	0.009163	0.008933	0.008704	0.008477	0.008251	0.008026	0.007803	0.007581	0.00736	0.007141	0.006923	0.006707	0.006492	0.006278	0.006066	0.005855	0.005645	0.005437	0.00523	0.005025
P00425	Oxidative Phosphorylation	0.002555	0.003043	0.003413	0.003703	0.003937	0.004129	0.00429	0.004427	0.004544	0.004647	0.004737	0.004816	0.004887	0.004951	0.005009	0.005061	0.005109	0.005152	0.005192	0.00523	0.005264	0.005296	0.005325	0.005353	0.005379	0.005403	0.005426	0.005448	0.005468	0.005488	0.005506	0.005523	0.00554	0.005556	0.005571	0.005585	0.005599	0.005612	0.005624	0.005636	0.005648	0.005659	0.00567	0.00568	0.00569	0.005699	0.005708	0.005717	0.005726	0.005734	0.005742	0.00575	0.005758	0.005765	0.005772	0.005779	0.005786	0.005741	0.005586	0.005453	0.005321	0.00519	0.00506	0.00493	0.004801	0.004673	0.004546	0.00442	0.004294	0.004169	0.004045	0.003922	0.003799	0.003677	0.003556	0.003436	0.003316	0.003198	0.00308	0.002963	0.002846
P00427	Oxidative Phosphorylation	0.002576	0.003069	0.003442	0.003734	0.00397	0.004164	0.004326	0.004464	0.004583	0.004686	0.004777	0.004857	0.004929	0.004993	0.005051	0.005104	0.005152	0.005196	0.005236	0.005274	0.005308	0.00534	0.00537	0.005398	0.005424	0.005449	0.005472	0.005494	0.005515	0.005534	0.005552	0.00557	0.005587	0.005602	0.005618	0.005632	0.005646	0.005659	0.005672	0.005684	0.005695	0.005707	0.005717	0.005728	0.005738	0.005747	0.005757	0.005765	0.005774	0.005783	0.005791	0.005799	0.005806	0.005814	0.005821	0.005828	0.005834	0.00579	0.005633	0.005499	0.005366	0.005234	0.005102	0.004972	0.004842	0.004713	0.004584	0.004457	0.00433	0.004204	0.004079	0.003955	0.003831	0.003708	0.003586	0.003465	0.003344	0.003225	0.003106	0.002988	0.00287
P00549	Glycolysis	0.002019	0.002798	0.003386	0.003844	0.00421	0.00451	0.004759	0.00497	0.005149	0.005304	0.005438	0.005556	0.00566	0.005753	0.005835	0.005909	0.005976	0.006036	0.00609	0.00614	0.006185	0.006226	0.006264	0.006299	0.006331	0.00636	0.006387	0.006412	0.006436	0.006457	0.006477	0.006495	0.006513	0.006528	0.006543	0.006557	0.00657	0.006582	0.006593	0.006603	0.006613	0.006622	0.00663	0.006638	0.006645	0.006651	0.006657	0.006663	0.006668	0.006673	0.006678	0.006682	0.006686	0.006689	0.006692	0.006695	0.006698	0.007703	0.00907	0.010233	0.01139	0.012539	0.013681	0.014817	0.015945	0.017067	0.018182	0.019289	0.02039	0.021484	0.022571	0.023651	0.024724	0.025791	0.02685	0.027902	0.028948	0.029986	0.031018	0.032043	0.03306
P00560	Glycolysis // Glycolysis	0.000716	0.001026	0.00126	0.001442	0.001588	0.001707	0.001806	0.001889	0.00196	0.002021	0.002075	0.002121	0.002162	0.002199	0.002231	0.00226	0.002286	0.00231	0.002331	0.00235	0.002368	0.002384	0.002399	0.002412	0.002424	0.002436	0.002446	0.002456	0.002464	0.002473	0.00248	0.002487	0.002494	0.002499	0.002505	0.00251	0.002515	0.002519	0.002523	0.002527	0.00253	0.002533	0.002536	0.002539	0.002542	0.002544	0.002546	0.002548	0.00255	0.002551	0.002553	0.002554	0.002555	0.002556	0.002557	0.002558	0.002558	0.002918	0.003406	0.003822	0.004235	0.004646	0.005054	0.00546	0.005863	0.006264	0.006663	0.007059	0.007452	0.007844	0.008232	0.008619	0.009002	0.009384	0.009762	0.010139	0.010513	0.010884	0.011253	0.01162	0.011984
P00830	Oxidative Phosphorylation	0.020374	0.024257	0.027198	0.029503	0.03136	0.032888	0.034168	0.035256	0.036192	0.037007	0.037722	0.038356	0.038921	0.039429	0.039887	0.040303	0.040682	0.041029	0.041349	0.041644	0.041917	0.042171	0.042407	0.042628	0.042835	0.043029	0.043211	0.043384	0.043546	0.0437	0.043846	0.043984	0.044116	0.044241	0.04436	0.044474	0.044583	0.044687	0.044787	0.044883	0.044975	0.045063	0.045149	0.04523	0.045309	0.045385	0.045459	0.04553	0.045598	0.045665	0.045729	0.045791	0.045852	0.04591	0.045967	0.046022	0.046076	0.045869	0.044627	0.043567	0.042514	0.041467	0.040426	0.039391	0.038363	0.037341	0.036324	0.035314	0.034311	0.033313	0.032322	0.031337	0.030357	0.029385	0.028418	0.027458	0.026503	0.025555	0.024613	0.023678	0.022748
P00854	Oxidative Phosphorylation	0.01082	0.012882	0.014444	0.015668	0.016654	0.017466	0.018145	0.018723	0.01922	0.019653	0.020033	0.020369	0.02067	0.020939	0.021182	0.021403	0.021605	0.021789	0.021959	0.022115	0.022261	0.022395	0.022521	0.022638	0.022748	0.022851	0.022948	0.023039	0.023126	0.023207	0.023285	0.023358	0.023428	0.023495	0.023558	0.023619	0.023676	0.023732	0.023785	0.023836	0.023885	0.023931	0.023977	0.02402	0.024062	0.024102	0.024141	0.024179	0.024216	0.024251	0.024285	0.024318	0.02435	0.024381	0.024411	0.024441	0.024469	0.024359	0.0237	0.023137	0.022578	0.022022	0.021469	0.020919	0.020373	0.01983	0.019291	0.018754	0.018221	0.017691	0.017165	0.016642	0.016122	0.015605	0.015092	0.014582	0.014075	0.013571	0.013071	0.012574	0.012081
P00856	Oxidative Phosphorylation	0.002165	0.002577	0.00289	0.003135	0.003332	0.003495	0.003631	0.003746	0.003846	0.003932	0.004008	0.004076	0.004136	0.00419	0.004238	0.004282	0.004323	0.00436	0.004394	0.004425	0.004454	0.004481	0.004506	0.00453	0.004552	0.004572	0.004592	0.00461	0.004627	0.004643	0.004659	0.004674	0.004688	0.004701	0.004714	0.004726	0.004737	0.004748	0.004759	0.004769	0.004779	0.004788	0.004797	0.004806	0.004814	0.004823	0.00483	0.004838	0.004845	0.004852	0.004859	0.004866	0.004872	0.004878	0.004884	0.00489	0.004896	0.004874	0.004742	0.004629	0.004517	0.004406	0.004296	0.004186	0.004076	0.003968	0.00386	0.003752	0.003646	0.00354	0.003434	0.00333	0.003226	0.003122	0.00302	0.002918	0.002816	0.002715	0.002615	0.002516	0.002417
P00890	TCA	0.003242	0.003634	0.003932	0.004167	0.004358	0.004516	0.004649	0.004764	0.004863	0.00495	0.005028	0.005097	0.005159	0.005216	0.005267	0.005315	0.005358	0.005399	0.005437	0.005472	0.005505	0.005536	0.005566	0.005593	0.00562	0.005645	0.005669	0.005691	0.005713	0.005734	0.005754	0.005773	0.005792	0.00581	0.005827	0.005844	0.00586	0.005876	0.005891	0.005906	0.00592	0.005934	0.005948	0.005961	0.005974	0.005987	0.005999	0.006011	0.006023	0.006034	0.006046	0.006057	0.006068	0.006078	0.006089	0.006099	0.006109	0.005755	0.005536	0.005345	0.005156	0.004968	0.00478	0.004594	0.004408	0.004224	0.00404	0.003858	0.003676	0.003496	0.003316	0.003138	0.00296	0.002783	0.002608	0.002433	0.002259	0.002087	0.001915	0.001744	0.001575
P00924	Glycolysis // Glycolysis	0	0	0	0	0	0	0	0	0	0	0	0	0	0	0	0	0	0	0	0	0	0	0	0	0	0	0	0	0	0	0	0	0	0	0	0	0	0	0	0	0	0	0	0	0	0	0	0	0	0	0	0	0	0	0	0	0	0	0	0	0	0	0	0	0	0	0	0	0	0	0	0	0	0	0	0	0	0	0	0	0
P00925	Glycolysis // Glycolysis	0	0	0	0	0	0	0	0	0	0	0	0	0	0	0	0	0	0	0	0	0	0	0	0	0	0	0	0	0	0	0	0	0	0	0	0	0	0	0	0	0	0	0	0	0	0	0	0	0	0	0	0	0	0	0	0	0	0	0	0	0	0	0	0	0	0	0	0	0	0	0	0	0	0	0	0	0	0	0	0	0
P00942	Glycolysis // Glycolysis	1.3e-05	1.9e-05	2.3e-05	2.7e-05	2.9e-05	3.1e-05	3.3e-05	3.5e-05	3.6e-05	3.7e-05	3.8e-05	3.9e-05	4e-05	4e-05	4.1e-05	4.2e-05	4.2e-05	4.2e-05	4.3e-05	4.3e-05	4.4e-05	4.4e-05	4.4e-05	4.4e-05	4.5e-05	4.5e-05	4.5e-05	4.5e-05	4.5e-05	4.5e-05	4.6e-05	4.6e-05	4.6e-05	4.6e-05	4.6e-05	4.6e-05	4.6e-05	4.6e-05	4.6e-05	4.6e-05	4.7e-05	4.7e-05	4.7e-05	4.7e-05	4.7e-05	4.7e-05	4.7e-05	4.7e-05	4.7e-05	4.7e-05	4.7e-05	4.7e-05	4.7e-05	4.7e-05	4.7e-05	4.7e-05	4.7e-05	5.5e-05	6.4e-05	7.2e-05	7.9e-05	8.7e-05	9.4e-05	0.000102	0.000109	0.000117	0.000124	0.000132	0.000139	0.000146	0.000153	0.000161	0.000168	0.000175	0.000182	0.000189	0.000196	0.000203	0.000209	0.000216	0.000223
P00950	Glycolysis // Glycolysis	0.000412	0.00059	0.000724	0.000829	0.000913	0.000981	0.001038	0.001086	0.001127	0.001162	0.001193	0.00122	0.001243	0.001264	0.001283	0.0013	0.001315	0.001328	0.00134	0.001351	0.001362	0.001371	0.001379	0.001387	0.001394	0.001401	0.001407	0.001412	0.001417	0.001422	0.001426	0.00143	0.001434	0.001437	0.00144	0.001443	0.001446	0.001449	0.001451	0.001453	0.001455	0.001457	0.001458	0.00146	0.001461	0.001463	0.001464	0.001465	0.001466	0.001467	0.001468	0.001468	0.001469	0.00147	0.00147	0.001471	0.001471	0.001678	0.001959	0.002198	0.002435	0.002671	0.002906	0.00314	0.003371	0.003602	0.003831	0.004059	0.004285	0.00451	0.004734	0.004956	0.005176	0.005396	0.005613	0.00583	0.006045	0.006259	0.006471	0.006682	0.006891
P04037	Oxidative Phosphorylation	0.002547	0.003034	0.003403	0.003692	0.003924	0.004116	0.004276	0.004413	0.00453	0.004632	0.004722	0.004801	0.004872	0.004936	0.004993	0.005045	0.005093	0.005136	0.005176	0.005213	0.005247	0.005279	0.005309	0.005336	0.005362	0.005386	0.005409	0.005431	0.005451	0.00547	0.005489	0.005506	0.005522	0.005538	0.005553	0.005567	0.005581	0.005594	0.005607	0.005618	0.00563	0.005641	0.005652	0.005662	0.005672	0.005681	0.00569	0.005699	0.005708	0.005716	0.005724	0.005732	0.00574	0.005747	0.005754	0.005761	0.005767	0.005723	0.005568	0.005436	0.005304	0.005174	0.005044	0.004915	0.004786	0.004659	0.004532	0.004406	0.00428	0.004156	0.004032	0.003909	0.003787	0.003666	0.003545	0.003425	0.003306	0.003188	0.00307	0.002953	0.002837
P04039	Oxidative Phosphorylation	0.002646	0.003153	0.003536	0.003836	0.004078	0.004277	0.004444	0.004585	0.004707	0.004813	0.004906	0.004989	0.005063	0.005129	0.005188	0.005242	0.005292	0.005337	0.005379	0.005417	0.005453	0.005486	0.005516	0.005545	0.005572	0.005597	0.005621	0.005643	0.005665	0.005685	0.005703	0.005721	0.005739	0.005755	0.00577	0.005785	0.005799	0.005813	0.005826	0.005838	0.00585	0.005862	0.005873	0.005883	0.005894	0.005904	0.005913	0.005922	0.005931	0.00594	0.005948	0.005956	0.005964	0.005972	0.005979	0.005986	0.005993	0.005947	0.005786	0.005649	0.005512	0.005376	0.005241	0.005107	0.004974	0.004841	0.004709	0.004578	0.004448	0.004319	0.00419	0.004062	0.003935	0.003809	0.003684	0.003559	0.003435	0.003312	0.00319	0.003069	0.002948
P04385	Galactose metabolism	0	0	0	0	0	0	0	0	0	0	0	0	0	0	0	0	0	0	0	0	0	0	0	0	0	0	0	0	0	0	0	0	0	0	0	0	0	0	0	0	0	0	0	0	0	0	0	0	0	0	0	0	0	0	0	0	0	0	0	0	0	0	0	0	0	0	0	0	0	0	0	0	0	0	0	0	0	0	0	0	0
P04397	Galactose metabolism // Galactose metabolism	0	0	0	0	0	0	0	0	0	0	0	0	0	0	0	0	0	0	0	0	0	0	0	0	0	0	0	0	0	0	0	0	0	0	0	0	0	0	0	0	0	0	0	0	0	0	0	0	0	0	0	0	0	0	0	0	0	0	0	0	0	0	0	0	0	0	0	0	0	0	0	0	0	0	0	0	0	0	0	0	0
P04806	Glycolysis	0.000842	0.001482	0.001964	0.002338	0.002637	0.002881	0.003082	0.003252	0.003396	0.00352	0.003627	0.00372	0.003802	0.003874	0.003938	0.003995	0.004046	0.004091	0.004132	0.004169	0.004202	0.004233	0.00426	0.004285	0.004307	0.004328	0.004346	0.004363	0.004378	0.004392	0.004405	0.004416	0.004427	0.004436	0.004445	0.004452	0.004459	0.004466	0.004471	0.004476	0.00448	0.004484	0.004488	0.00449	0.004493	0.004495	0.004497	0.004498	0.004499	0.0045	0.0045	0.0045	0.0045	0.004499	0.004499	0.004498	0.004497	0.004874	0.005475	0.00599	0.006503	0.007013	0.00752	0.008024	0.008525	0.009023	0.009518	0.010011	0.0105	0.010987	0.011471	0.011952	0.01243	0.012905	0.013377	0.013847	0.014313	0.014777	0.015237	0.015695	0.01615
P04807	Glycolysis	0	0	0	0	0	0	0	0	0	0	0	0	0	0	0	0	0	0	0	0	0	0	0	0	0	0	0	0	0	0	0	0	0	0	0	0	0	0	0	0	0	0	0	0	0	0	0	0	0	0	0	0	0	0	0	0	0	0	0	0	0	0	0	0	0	0	0	0	0	0	0	0	0	0	0	0	0	0	0	0	0
P05626	Oxidative Phosphorylation	0.010011	0.011919	0.013365	0.014498	0.01541	0.016161	0.01679	0.017324	0.017784	0.018185	0.018536	0.018848	0.019125	0.019375	0.0196	0.019804	0.019991	0.020161	0.020318	0.020463	0.020597	0.020722	0.020838	0.020947	0.021048	0.021144	0.021234	0.021318	0.021398	0.021474	0.021545	0.021613	0.021678	0.021739	0.021798	0.021854	0.021908	0.021959	0.022008	0.022055	0.0221	0.022144	0.022185	0.022226	0.022264	0.022302	0.022338	0.022373	0.022406	0.022439	0.022471	0.022501	0.022531	0.02256	0.022587	0.022615	0.022641	0.022539	0.021929	0.021408	0.020891	0.020376	0.019865	0.019356	0.018851	0.018349	0.017849	0.017353	0.01686	0.01637	0.015882	0.015398	0.014917	0.014439	0.013964	0.013492	0.013023	0.012558	0.012095	0.011635	0.011178
P06169	Anaerobic excretion	1e-06	0.000186	0.000326	0.000434	0.00052	0.00059	0.000648	0.000696	0.000737	0.000772	0.000802	0.000828	0.00085	0.00087	0.000888	0.000903	0.000917	0.000929	0.00094	0.000949	0.000958	0.000965	0.000972	0.000978	0.000984	0.000988	0.000993	0.000996	0.001	0.001003	0.001005	0.001007	0.001009	0.001011	0.001012	0.001014	0.001015	0.001015	0.001016	0.001016	0.001016	0.001017	0.001016	0.001016	0.001016	0.001015	0.001015	0.001014	0.001014	0.001013	0.001012	0.001011	0.00101	0.001009	0.001008	0.001006	0.001005	0.005978	0.012124	0.017331	0.022506	0.02765	0.032762	0.037842	0.04289	0.047906	0.052891	0.057844	0.062765	0.067654	0.072511	0.077337	0.082131	0.086893	0.091623	0.096321	0.100988	0.105623	0.110226	0.114797	0.119336
P07143	Oxidative Phosphorylation	0.015948	0.018998	0.021307	0.023117	0.024575	0.025774	0.026779	0.027632	0.028367	0.029007	0.029568	0.030065	0.030509	0.030907	0.031266	0.031593	0.03189	0.032163	0.032414	0.032645	0.032859	0.033058	0.033244	0.033417	0.033579	0.033731	0.033874	0.034009	0.034136	0.034257	0.034371	0.03448	0.034583	0.034681	0.034774	0.034864	0.034949	0.035031	0.035109	0.035184	0.035256	0.035325	0.035392	0.035456	0.035517	0.035577	0.035635	0.03569	0.035744	0.035796	0.035846	0.035895	0.035942	0.035987	0.036032	0.036075	0.036117	0.03584	0.034869	0.03404	0.033217	0.032399	0.031585	0.030776	0.029972	0.029173	0.028379	0.02759	0.026805	0.026025	0.02525	0.02448	0.023715	0.022955	0.022199	0.021449	0.020703	0.019962	0.019226	0.018495	0.017768
P07170	Salvage pathways // Salvage pathways	0	0	0	0	0	0	0	0	0	0	0	0	0	0	0	0	0	0	0	0	0	0	0	0	0	0	0	0	0	0	0	0	0	0	0	0	0	0	0	0	0	0	0	0	0	0	0	0	0	0	0	0	0	0	0	0	0	0	0	0	0	0	0	0	0	0	0	0	0	0	0	0	0	0	0	0	0	0	0	0	0
P07251	Oxidative Phosphorylation	0.021792	0.025945	0.029091	0.031557	0.033543	0.035178	0.036547	0.03771	0.038712	0.039583	0.040348	0.041026	0.041631	0.042173	0.042663	0.043108	0.043514	0.043886	0.044227	0.044543	0.044835	0.045106	0.045359	0.045595	0.045817	0.046024	0.04622	0.046404	0.046577	0.046742	0.046898	0.047046	0.047186	0.04732	0.047448	0.04757	0.047687	0.047798	0.047905	0.048007	0.048106	0.0482	0.048291	0.048379	0.048463	0.048545	0.048623	0.048699	0.048773	0.048844	0.048912	0.048979	0.049043	0.049106	0.049167	0.049226	0.049283	0.049062	0.047734	0.0466	0.045474	0.044354	0.04324	0.042134	0.041033	0.03994	0.038853	0.037773	0.036699	0.035632	0.034572	0.033518	0.032471	0.03143	0.030396	0.029369	0.028348	0.027334	0.026327	0.025326	0.024332
P07255	Oxidative Phosphorylation // Oxidative Phosphorylation	0.001034	0.001232	0.001382	0.001499	0.001594	0.001672	0.001737	0.001792	0.00184	0.001882	0.001918	0.00195	0.001979	0.002005	0.002028	0.002049	0.002069	0.002086	0.002103	0.002118	0.002131	0.002144	0.002156	0.002168	0.002178	0.002188	0.002197	0.002206	0.002214	0.002222	0.002229	0.002237	0.002243	0.00225	0.002256	0.002261	0.002267	0.002272	0.002277	0.002282	0.002287	0.002291	0.002296	0.0023	0.002304	0.002308	0.002311	0.002315	0.002319	0.002322	0.002325	0.002328	0.002331	0.002334	0.002337	0.00234	0.002343	0.002325	0.002262	0.002208	0.002155	0.002102	0.002049	0.001996	0.001944	0.001892	0.001841	0.00179	0.001739	0.001688	0.001638	0.001588	0.001538	0.001489	0.00144	0.001391	0.001343	0.001295	0.001247	0.0012	0.001153
P07256	Oxidative Phosphorylation	0.023522	0.028021	0.031426	0.034096	0.036246	0.038015	0.039496	0.040756	0.04184	0.042783	0.043611	0.044344	0.044998	0.045585	0.046116	0.046597	0.047036	0.047438	0.047807	0.048149	0.048465	0.048758	0.049032	0.049287	0.049526	0.04975	0.049962	0.050161	0.050348	0.050526	0.050695	0.050855	0.051007	0.051151	0.051289	0.051421	0.051547	0.051667	0.051783	0.051893	0.052	0.052102	0.0522	0.052294	0.052385	0.052473	0.052558	0.05264	0.052719	0.052796	0.05287	0.052942	0.053011	0.053079	0.053144	0.053208	0.053269	0.052861	0.051428	0.050207	0.048993	0.047785	0.046585	0.045392	0.044207	0.043028	0.041857	0.040692	0.039535	0.038385	0.037242	0.036107	0.034978	0.033857	0.032742	0.031635	0.030535	0.029442	0.028357	0.027278	0.026207
P07257	Oxidative Phosphorylation	0.018956	0.022582	0.025326	0.027478	0.02921	0.030636	0.03183	0.032845	0.033718	0.034478	0.035145	0.035736	0.036264	0.036737	0.037164	0.037552	0.037906	0.03823	0.038528	0.038803	0.039057	0.039294	0.039514	0.03972	0.039913	0.040093	0.040264	0.040424	0.040575	0.040719	0.040854	0.040983	0.041106	0.041222	0.041333	0.04144	0.041541	0.041638	0.041731	0.04182	0.041906	0.041988	0.042067	0.042143	0.042217	0.042288	0.042356	0.042422	0.042486	0.042548	0.042607	0.042665	0.042721	0.042776	0.042828	0.04288	0.042929	0.0426	0.041446	0.040461	0.039483	0.03851	0.037543	0.036581	0.035626	0.034676	0.033732	0.032794	0.031861	0.030934	0.030013	0.029098	0.028188	0.027285	0.026387	0.025494	0.024608	0.023727	0.022852	0.021983	0.02112
P08067	Oxidative Phosphorylation	0.010942	0.013035	0.014619	0.015861	0.016861	0.017684	0.018373	0.018959	0.019463	0.019902	0.020287	0.020628	0.020932	0.021205	0.021452	0.021676	0.02188	0.022067	0.022239	0.022398	0.022545	0.022681	0.022809	0.022927	0.023039	0.023143	0.023241	0.023334	0.023421	0.023504	0.023582	0.023657	0.023727	0.023795	0.023859	0.02392	0.023979	0.024035	0.024088	0.02414	0.024189	0.024237	0.024282	0.024326	0.024369	0.02441	0.024449	0.024487	0.024524	0.02456	0.024594	0.024627	0.02466	0.024691	0.024722	0.024751	0.02478	0.02459	0.023924	0.023355	0.02279	0.022229	0.021671	0.021116	0.020564	0.020016	0.019471	0.018929	0.018391	0.017856	0.017324	0.016796	0.016271	0.015749	0.015231	0.014716	0.014204	0.013696	0.013191	0.012689	0.012191
P08417	TCA // TCA	0.000441	0.000491	0.00053	0.00056	0.000585	0.000605	0.000623	0.000638	0.00065	0.000662	0.000672	0.000681	0.000689	0.000696	0.000703	0.000709	0.000715	0.00072	0.000725	0.00073	0.000734	0.000739	0.000743	0.000746	0.00075	0.000753	0.000756	0.000759	0.000762	0.000765	0.000768	0.00077	0.000773	0.000775	0.000777	0.00078	0.000782	0.000784	0.000786	0.000788	0.00079	0.000792	0.000794	0.000796	0.000797	0.000799	0.000801	0.000802	0.000804	0.000806	0.000807	0.000809	0.00081	0.000812	0.000813	0.000815	0.000816	0.000768	0.000737	0.000711	0.000685	0.000659	0.000634	0.000608	0.000583	0.000557	0.000532	0.000507	0.000482	0.000457	0.000432	0.000408	0.000383	0.000359	0.000335	0.000311	0.000287	0.000263	0.00024	0.000216	0.000193
P08431	Galactose metabolism // Galactose metabolism	0	0	0	0	0	0	0	0	0	0	0	0	0	0	0	0	0	0	0	0	0	0	0	0	0	0	0	0	0	0	0	0	0	0	0	0	0	0	0	0	0	0	0	0	0	0	0	0	0	0	0	0	0	0	0	0	0	0	0	0	0	0	0	0	0	0	0	0	0	0	0	0	0	0	0	0	0	0	0	0	0
P08525	Oxidative Phosphorylation	0.005139	0.006122	0.006866	0.00745	0.00792	0.008306	0.00863	0.008905	0.009142	0.009348	0.009529	0.009689	0.009832	0.00996	0.010076	0.010181	0.010277	0.010365	0.010446	0.01052	0.010589	0.010653	0.010713	0.010769	0.010821	0.01087	0.010916	0.01096	0.011001	0.01104	0.011076	0.011111	0.011145	0.011176	0.011206	0.011235	0.011263	0.011289	0.011314	0.011338	0.011362	0.011384	0.011405	0.011426	0.011446	0.011465	0.011484	0.011502	0.011519	0.011536	0.011552	0.011567	0.011583	0.011597	0.011612	0.011626	0.011639	0.01155	0.011237	0.01097	0.010705	0.010441	0.010179	0.009918	0.009659	0.009401	0.009145	0.008891	0.008638	0.008387	0.008137	0.007889	0.007642	0.007397	0.007154	0.006912	0.006672	0.006433	0.006196	0.00596	0.005726
P09201	Glycolysis	0	0	0	0	0	0	0	0	0	0	0	0	0	0	0	0	0	0	0	0	0	0	0	0	0	0	0	0	0	0	0	0	0	0	0	0	0	0	0	0	0	0	0	0	0	0	0	0	0	0	0	0	0	0	0	0	0	0	0	0	0	0	0	0	0	0	0	0	0	0	0	0	0	0	0	0	0	0	0	0	0
P09457	Oxidative Phosphorylation	0.008483	0.0101	0.011324	0.012284	0.013057	0.013694	0.014226	0.014679	0.015069	0.015408	0.015706	0.01597	0.016205	0.016417	0.016607	0.016781	0.016939	0.017083	0.017216	0.017339	0.017453	0.017558	0.017657	0.017749	0.017835	0.017916	0.017992	0.018063	0.018131	0.018195	0.018256	0.018313	0.018368	0.01842	0.01847	0.018517	0.018563	0.018606	0.018648	0.018688	0.018726	0.018763	0.018798	0.018832	0.018865	0.018897	0.018927	0.018957	0.018986	0.019013	0.01904	0.019066	0.019091	0.019115	0.019139	0.019162	0.019184	0.019098	0.018581	0.01814	0.017701	0.017265	0.016832	0.016401	0.015973	0.015547	0.015124	0.014704	0.014286	0.01387	0.013458	0.013047	0.01264	0.012235	0.011832	0.011432	0.011035	0.01064	0.010248	0.009859	0.009472
P09624	Other	0.011133	0.013402	0.015141	0.016504	0.017601	0.018502	0.019256	0.019896	0.020446	0.020924	0.021344	0.021715	0.022045	0.022341	0.022608	0.022849	0.023069	0.023271	0.023455	0.023625	0.023783	0.023928	0.024064	0.02419	0.024308	0.024419	0.024522	0.02462	0.024712	0.024798	0.02488	0.024958	0.025032	0.025101	0.025168	0.025231	0.025291	0.025349	0.025404	0.025456	0.025507	0.025555	0.025601	0.025646	0.025688	0.025729	0.025769	0.025807	0.025844	0.025879	0.025913	0.025946	0.025978	0.026009	0.026039	0.026068	0.026095	0.024762	0.024096	0.02353	0.022968	0.022408	0.021852	0.0213	0.020751	0.020205	0.019663	0.019124	0.018588	0.018056	0.017527	0.017001	0.016479	0.015961	0.015445	0.014933	0.014425	0.01392	0.013418	0.012919	0.012424
P0CX10	Glycolysis // Glycolysis	0	0	0	0	0	0	0	0	0	0	0	0	0	0	0	0	0	0	0	0	0	0	0	0	0	0	0	0	0	0	0	0	0	0	0	0	0	0	0	0	0	0	0	0	0	0	0	0	0	0	0	0	0	0	0	0	0	0	0	0	0	0	0	0	0	0	0	0	0	0	0	0	0	0	0	0	0	0	0	0	0
P0CX11	Glycolysis // Glycolysis	0	0	0	0	0	0	0	0	0	0	0	0	0	0	0	0	0	0	0	0	0	0	0	0	0	0	0	0	0	0	0	0	0	0	0	0	0	0	0	0	0	0	0	0	0	0	0	0	0	0	0	0	0	0	0	0	0	0	0	0	0	0	0	0	0	0	0	0	0	0	0	0	0	0	0	0	0	0	0	0	0
P10174	Oxidative Phosphorylation	0.00103	0.001227	0.001376	0.001493	0.001587	0.001664	0.001729	0.001784	0.001832	0.001873	0.001909	0.001942	0.00197	0.001996	0.002019	0.00204	0.002059	0.002077	0.002093	0.002108	0.002122	0.002135	0.002147	0.002158	0.002168	0.002178	0.002188	0.002196	0.002204	0.002212	0.00222	0.002227	0.002233	0.00224	0.002246	0.002251	0.002257	0.002262	0.002267	0.002272	0.002277	0.002281	0.002286	0.00229	0.002294	0.002297	0.002301	0.002305	0.002308	0.002312	0.002315	0.002318	0.002321	0.002324	0.002327	0.00233	0.002332	0.002314	0.002252	0.002198	0.002145	0.002092	0.00204	0.001987	0.001936	0.001884	0.001833	0.001782	0.001731	0.001681	0.001631	0.001581	0.001531	0.001482	0.001434	0.001385	0.001337	0.001289	0.001242	0.001194	0.001147
P10963	Other	0	0	0	0	0	0	0	0	0	0	0	0	0	0	0	0	0	0	0	0	0	0	0	0	0	0	0	0	0	0	0	0	0	0	0	0	0	0	0	0	0	0	0	0	0	0	0	0	0	0	0	0	0	0	0	0	0	0	0	0	0	0	0	0	0	0	0	0	0	0	0	0	0	0	0	0	0	0	0	0	0
P11154	TCA	0	0.001599	0.002759	0.00366	0.004376	0.004957	0.005438	0.005839	0.006179	0.006469	0.006719	0.006935	0.007124	0.007289	0.007435	0.007563	0.007677	0.007778	0.007868	0.007948	0.008019	0.008082	0.008139	0.00819	0.008235	0.008275	0.008311	0.008342	0.008371	0.008395	0.008417	0.008436	0.008452	0.008466	0.008478	0.008488	0.008496	0.008502	0.008507	0.00851	0.008512	0.008513	0.008513	0.008511	0.008509	0.008506	0.008501	0.008496	0.008491	0.008484	0.008477	0.008469	0.008461	0.008452	0.008442	0.008433	0.008422	0.008916	0.009072	0.009229	0.009385	0.009541	0.009698	0.009854	0.010011	0.010167	0.010324	0.01048	0.010637	0.010793	0.010949	0.011106	0.011262	0.011419	0.011575	0.011732	0.011888	0.012045	0.012201	0.012358	0.012514
P11412	pentose phosphate	0	9.5e-05	0.000166	0.000221	0.000265	0.000301	0.00033	0.000355	0.000375	0.000393	0.000408	0.000422	0.000433	0.000443	0.000452	0.00046	0.000467	0.000473	0.000479	0.000484	0.000488	0.000492	0.000495	0.000498	0.000501	0.000504	0.000506	0.000508	0.000509	0.000511	0.000512	0.000513	0.000514	0.000515	0.000516	0.000516	0.000517	0.000517	0.000518	0.000518	0.000518	0.000518	0.000518	0.000518	0.000518	0.000517	0.000517	0.000517	0.000516	0.000516	0.000516	0.000515	0.000515	0.000514	0.000513	0.000513	0.000512	0.000322	0.000331	0.00034	0.000349	0.000358	0.000367	0.000377	0.000386	0.000395	0.000404	0.000413	0.000422	0.000431	0.000441	0.00045	0.000459	0.000468	0.000477	0.000486	0.000495	0.000505	0.000514	0.000523	0.000532
P12695	Other	0.000775	0.000933	0.001054	0.001149	0.001225	0.001288	0.001341	0.001385	0.001423	0.001457	0.001486	0.001512	0.001535	0.001555	0.001574	0.001591	0.001606	0.00162	0.001633	0.001645	0.001656	0.001666	0.001675	0.001684	0.001692	0.0017	0.001707	0.001714	0.00172	0.001726	0.001732	0.001737	0.001743	0.001747	0.001752	0.001756	0.001761	0.001765	0.001769	0.001772	0.001776	0.001779	0.001782	0.001785	0.001788	0.001791	0.001794	0.001797	0.001799	0.001802	0.001804	0.001806	0.001808	0.001811	0.001813	0.001815	0.001817	0.001724	0.001677	0.001638	0.001599	0.00156	0.001521	0.001483	0.001445	0.001407	0.001369	0.001331	0.001294	0.001257	0.00122	0.001184	0.001147	0.001111	0.001075	0.00104	0.001004	0.000969	0.000934	0.000899	0.000865
P12709	Glycolysis // Glycolysis	0.000384	0.000525	0.000632	0.000714	0.000781	0.000835	0.00088	0.000918	0.000951	0.000979	0.001003	0.001025	0.001044	0.001061	0.001076	0.001089	0.001101	0.001112	0.001122	0.001131	0.001139	0.001147	0.001154	0.00116	0.001166	0.001172	0.001177	0.001181	0.001185	0.001189	0.001193	0.001197	0.0012	0.001203	0.001205	0.001208	0.00121	0.001213	0.001215	0.001217	0.001219	0.00122	0.001222	0.001223	0.001225	0.001226	0.001227	0.001228	0.001229	0.00123	0.001231	0.001232	0.001233	0.001233	0.001234	0.001235	0.001235	0.001589	0.001849	0.002069	0.002289	0.002507	0.002724	0.002939	0.003153	0.003366	0.003577	0.003787	0.003996	0.004204	0.00441	0.004615	0.004818	0.00502	0.005221	0.005421	0.005619	0.005816	0.006012	0.006206	0.006399
P14540	Glycolysis // Glycolysis	0.005234	0.007486	0.009184	0.010506	0.011564	0.012429	0.013147	0.013752	0.014268	0.014713	0.015099	0.015437	0.015735	0.016	0.016235	0.016446	0.016635	0.016806	0.016961	0.017102	0.017229	0.017346	0.017452	0.01755	0.01764	0.017722	0.017798	0.017867	0.017932	0.017991	0.018046	0.018096	0.018143	0.018187	0.018227	0.018264	0.018298	0.01833	0.018359	0.018386	0.018412	0.018435	0.018456	0.018476	0.018494	0.01851	0.018526	0.01854	0.018552	0.018564	0.018575	0.018584	0.018593	0.0186	0.018607	0.018613	0.018618	0.021691	0.025259	0.028297	0.031317	0.034319	0.037303	0.040269	0.043218	0.046148	0.04906	0.051955	0.054831	0.05769	0.060531	0.063353	0.066158	0.068945	0.071714	0.074464	0.077197	0.079912	0.082609	0.085288	0.087949
P15019	pentose phosphate // pentose phosphate	0	0.000359	0.000629	0.000838	0.001004	0.001139	0.001251	0.001344	0.001423	0.00149	0.001548	0.001598	0.001642	0.00168	0.001714	0.001744	0.00177	0.001793	0.001814	0.001833	0.001849	0.001864	0.001877	0.001889	0.001899	0.001908	0.001917	0.001924	0.00193	0.001936	0.001941	0.001945	0.001949	0.001952	0.001955	0.001957	0.001959	0.001961	0.001962	0.001962	0.001963	0.001963	0.001963	0.001962	0.001962	0.001961	0.00196	0.001959	0.001957	0.001956	0.001954	0.001952	0.00195	0.001948	0.001946	0.001943	0.001941	0.001214	0.001249	0.001284	0.001318	0.001353	0.001388	0.001422	0.001457	0.001492	0.001526	0.001561	0.001596	0.00163	0.001665	0.001699	0.001734	0.001769	0.001803	0.001838	0.001873	0.001907	0.001942	0.001977	0.002011
P16387	Other	0.009553	0.011499	0.012992	0.014161	0.015102	0.015875	0.016522	0.017072	0.017544	0.017954	0.018314	0.018632	0.018915	0.019169	0.019398	0.019606	0.019795	0.019967	0.020126	0.020272	0.020407	0.020532	0.020648	0.020756	0.020858	0.020952	0.021041	0.021125	0.021204	0.021278	0.021349	0.021415	0.021478	0.021538	0.021595	0.021649	0.021701	0.021751	0.021798	0.021843	0.021886	0.021927	0.021967	0.022005	0.022042	0.022077	0.022111	0.022144	0.022175	0.022206	0.022235	0.022263	0.02229	0.022317	0.022342	0.022367	0.022391	0.021247	0.020676	0.02019	0.019707	0.019227	0.01875	0.018276	0.017805	0.017337	0.016871	0.016409	0.015949	0.015493	0.015039	0.014588	0.01414	0.013695	0.013253	0.012814	0.012377	0.011944	0.011513	0.011086	0.010661
P16451	Other	0.000678	0.000817	0.000923	0.001006	0.001073	0.001128	0.001173	0.001213	0.001246	0.001275	0.001301	0.001323	0.001343	0.001361	0.001378	0.001392	0.001406	0.001418	0.001429	0.00144	0.001449	0.001458	0.001467	0.001474	0.001481	0.001488	0.001494	0.0015	0.001506	0.001511	0.001516	0.001521	0.001525	0.00153	0.001534	0.001538	0.001541	0.001545	0.001548	0.001551	0.001554	0.001557	0.00156	0.001563	0.001566	0.001568	0.00157	0.001573	0.001575	0.001577	0.001579	0.001581	0.001583	0.001585	0.001587	0.001589	0.00159	0.001509	0.001468	0.001434	0.0014	0.001366	0.001332	0.001298	0.001265	0.001231	0.001198	0.001165	0.001133	0.0011	0.001068	0.001036	0.001004	0.000973	0.000941	0.00091	0.000879	0.000848	0.000818	0.000787	0.000757
P16467	Anaerobic excretion	0	0	0	0	0	0	0	0	0	0	0	0	0	0	0	0	0	0	0	0	0	0	0	0	0	0	0	0	0	0	0	0	0	0	0	0	0	0	0	0	0	0	0	0	0	0	0	0	0	0	0	0	0	0	0	0	0	0	0	0	0	0	0	0	0	0	0	0	0	0	0	0	0	0	0	0	0	0	0	0	0
P16861	Glycolysis	0	0	0	0	0	0	0	0	0	0	0	0	0	0	0	0	0	0	0	0	0	0	0	0	0	0	0	0	0	0	0	0	0	0	0	0	0	0	0	0	0	0	0	0	0	0	0	0	0	0	0	0	0	0	0	0	0	0	0	0	0	0	0	0	0	0	0	0	0	0	0	0	0	0	0	0	0	0	0	0	0
P16862	Glycolysis // Glycolysis	0.001258	0.0018	0.002208	0.002525	0.00278	0.002988	0.00316	0.003306	0.00343	0.003537	0.00363	0.003711	0.003782	0.003846	0.003903	0.003953	0.003999	0.00404	0.004077	0.004111	0.004142	0.00417	0.004195	0.004219	0.00424	0.00426	0.004278	0.004295	0.00431	0.004325	0.004338	0.00435	0.004361	0.004372	0.004381	0.00439	0.004399	0.004406	0.004413	0.00442	0.004426	0.004431	0.004436	0.004441	0.004446	0.00445	0.004453	0.004457	0.00446	0.004462	0.004465	0.004467	0.004469	0.004471	0.004473	0.004474	0.004475	0.005214	0.006072	0.006802	0.007528	0.00825	0.008967	0.00968	0.010389	0.011093	0.011793	0.012489	0.01318	0.013868	0.01455	0.015229	0.015903	0.016573	0.017239	0.0179	0.018557	0.019209	0.019858	0.020502	0.021141
P17505	TCA // TCA	0.591579	0.502338	0.434793	0.381909	0.339384	0.304451	0.275245	0.250468	0.229186	0.210709	0.194519	0.180217	0.167494	0.156101	0.145842	0.136557	0.128114	0.120404	0.113336	0.106834	0.100833	0.095278	0.090121	0.085322	0.080845	0.076658	0.072736	0.069053	0.065589	0.062326	0.059246	0.056335	0.053579	0.050967	0.048488	0.046132	0.04389	0.041755	0.039718	0.037775	0.035918	0.034141	0.032441	0.030812	0.02925	0.027752	0.026312	0.024929	0.023598	0.022318	0.021085	0.019897	0.018751	0.017646	0.016579	0.015548	0.014553	0.013845	0.013228	0.012689	0.012153	0.011619	0.011088	0.010559	0.010033	0.00951	0.008989	0.008471	0.007956	0.007443	0.006933	0.006425	0.00592	0.005418	0.004918	0.004421	0.003927	0.003435	0.002946	0.002459	0.001975
P17709	Glycolysis	0	0	0	0	0	0	0	0	0	0	0	0	0	0	0	0	0	0	0	0	0	0	0	0	0	0	0	0	0	0	0	0	0	0	0	0	0	0	0	0	0	0	0	0	0	0	0	0	0	0	0	0	0	0	0	0	0	0	0	0	0	0	0	0	0	0	0	0	0	0	0	0	0	0	0	0	0	0	0	0	0
P19414	TCA // TCA	0.005115	0.005733	0.006203	0.006574	0.006875	0.007124	0.007335	0.007515	0.007672	0.007809	0.007931	0.00804	0.008139	0.008228	0.008309	0.008384	0.008453	0.008517	0.008577	0.008632	0.008684	0.008734	0.00878	0.008824	0.008865	0.008905	0.008942	0.008978	0.009013	0.009046	0.009077	0.009108	0.009137	0.009165	0.009193	0.009219	0.009244	0.009269	0.009293	0.009317	0.009339	0.009361	0.009383	0.009404	0.009424	0.009444	0.009464	0.009483	0.009501	0.009519	0.009537	0.009555	0.009572	0.009589	0.009605	0.009621	0.009637	0.009079	0.008733	0.008432	0.008134	0.007836	0.007541	0.007247	0.006954	0.006663	0.006374	0.006086	0.005799	0.005514	0.005231	0.00495	0.004669	0.004391	0.004114	0.003838	0.003564	0.003292	0.003021	0.002752	0.002484
P19516	Oxidative Phosphorylation	0	0	0	0	0	0	0	0	0	0	0	0	0	0	0	0	0	0	0	0	0	0	0	0	0	0	0	0	0	0	0	0	0	0	0	0	0	0	0	0	0	0	0	0	0	0	0	0	0	0	0	0	0	0	0	0	0	0	0	0	0	0	0	0	0	0	0	0	0	0	0	0	0	0	0	0	0	0	0	0	0
P20967	TCA	0.035335	0.039343	0.04232	0.044672	0.046582	0.048168	0.049509	0.050662	0.051664	0.052547	0.053332	0.054035	0.054671	0.055249	0.055778	0.056266	0.056716	0.057135	0.057526	0.057892	0.058237	0.058561	0.058868	0.05916	0.059437	0.059701	0.059953	0.060194	0.060426	0.060648	0.060862	0.061068	0.061268	0.06146	0.061646	0.061827	0.062002	0.062172	0.062337	0.062498	0.062655	0.062808	0.062957	0.063102	0.063244	0.063384	0.063519	0.063653	0.063783	0.063911	0.064036	0.064159	0.06428	0.064398	0.064515	0.064629	0.064742	0.061511	0.059098	0.057002	0.054916	0.052842	0.050778	0.048724	0.046682	0.04465	0.042629	0.040619	0.038619	0.03663	0.034652	0.032685	0.030728	0.028782	0.026847	0.024923	0.023009	0.021106	0.019214	0.017332	0.015461
P21306	Oxidative Phosphorylation	0.002507	0.002985	0.003347	0.00363	0.003859	0.004047	0.004204	0.004338	0.004454	0.004554	0.004642	0.00472	0.004789	0.004852	0.004908	0.004959	0.005006	0.005049	0.005088	0.005124	0.005158	0.005189	0.005218	0.005245	0.005271	0.005295	0.005317	0.005338	0.005358	0.005377	0.005395	0.005412	0.005429	0.005444	0.005459	0.005473	0.005486	0.005499	0.005511	0.005523	0.005534	0.005545	0.005556	0.005566	0.005575	0.005585	0.005594	0.005603	0.005611	0.005619	0.005627	0.005635	0.005642	0.005649	0.005656	0.005663	0.00567	0.005644	0.005491	0.005361	0.005231	0.005103	0.004975	0.004847	0.004721	0.004595	0.00447	0.004346	0.004222	0.004099	0.003977	0.003856	0.003736	0.003616	0.003497	0.003379	0.003261	0.003145	0.003029	0.002914	0.002799
P21801	TCA // TCA	0.001184	0.001319	0.001423	0.001504	0.00157	0.001625	0.001672	0.001711	0.001746	0.001776	0.001803	0.001828	0.00185	0.001869	0.001888	0.001904	0.00192	0.001934	0.001947	0.00196	0.001972	0.001983	0.001993	0.002003	0.002012	0.002021	0.00203	0.002038	0.002046	0.002053	0.002061	0.002068	0.002074	0.002081	0.002087	0.002093	0.002099	0.002105	0.00211	0.002116	0.002121	0.002126	0.002131	0.002136	0.002141	0.002145	0.00215	0.002154	0.002158	0.002163	0.002167	0.002171	0.002175	0.002179	0.002183	0.002187	0.00219	0.00206	0.00198	0.001909	0.001839	0.00177	0.001701	0.001632	0.001564	0.001496	0.001428	0.001361	0.001294	0.001227	0.001161	0.001095	0.001029	0.000964	0.000899	0.000835	0.000771	0.000707	0.000644	0.000581	0.000518
P21826	Anaplerotic reactions 	0	0	0	0	0	0	0	0	0	0	0	0	0	0	0	0	0	0	0	0	0	0	0	0	0	0	0	0	0	0	0	0	0	0	0	0	0	0	0	0	0	0	0	0	0	0	0	0	0	0	0	0	0	0	0	0	0	0	0	0	0	0	0	0	0	0	0	0	0	0	0	0	0	0	0	0	0	0	0	0	0
P21954	TCA // TCA	0.014776	0.016544	0.017858	0.018895	0.019737	0.020435	0.021024	0.02153	0.021969	0.022356	0.022699	0.023006	0.023283	0.023534	0.023764	0.023976	0.024171	0.024352	0.024521	0.024679	0.024827	0.024967	0.025098	0.025223	0.025342	0.025454	0.025562	0.025665	0.025763	0.025858	0.025949	0.026036	0.02612	0.026202	0.02628	0.026356	0.02643	0.026501	0.026571	0.026638	0.026704	0.026768	0.02683	0.026891	0.02695	0.027008	0.027065	0.02712	0.027174	0.027227	0.027279	0.02733	0.02738	0.027429	0.027477	0.027525	0.027571	0.026229	0.025228	0.024361	0.023498	0.022639	0.021785	0.020935	0.02009	0.019249	0.018413	0.017581	0.016753	0.015931	0.015112	0.014298	0.013489	0.012684	0.011884	0.011088	0.010297	0.00951	0.008727	0.007949	0.007176
P22289	Oxidative Phosphorylation	0.003501	0.004171	0.004678	0.005075	0.005395	0.005658	0.005879	0.006066	0.006228	0.006368	0.006491	0.006601	0.006698	0.006785	0.006864	0.006936	0.007001	0.007061	0.007116	0.007167	0.007214	0.007258	0.007298	0.007336	0.007372	0.007405	0.007437	0.007466	0.007494	0.007521	0.007546	0.00757	0.007592	0.007614	0.007634	0.007654	0.007673	0.007691	0.007708	0.007724	0.00774	0.007755	0.00777	0.007784	0.007797	0.007811	0.007823	0.007835	0.007847	0.007859	0.00787	0.00788	0.007891	0.007901	0.00791	0.00792	0.007929	0.007868	0.007655	0.007473	0.007292	0.007113	0.006934	0.006757	0.00658	0.006405	0.00623	0.006057	0.005885	0.005714	0.005543	0.005374	0.005206	0.005039	0.004874	0.004709	0.004545	0.004382	0.004221	0.00406	0.003901
P23254	pentose phosphate // pentose phosphate // pentose phosphate // pentose phosphate	0	0.000618	0.001082	0.001442	0.001728	0.001961	0.002153	0.002313	0.002449	0.002565	0.002665	0.002751	0.002826	0.002892	0.002951	0.003002	0.003047	0.003087	0.003123	0.003155	0.003183	0.003209	0.003231	0.003251	0.003269	0.003285	0.0033	0.003312	0.003323	0.003333	0.003342	0.003349	0.003355	0.003361	0.003366	0.003369	0.003373	0.003375	0.003377	0.003378	0.003379	0.003379	0.003379	0.003378	0.003377	0.003376	0.003374	0.003372	0.003369	0.003367	0.003364	0.00336	0.003357	0.003353	0.00335	0.003346	0.003341	0.001836	0.001895	0.001955	0.002015	0.002074	0.002134	0.002194	0.002253	0.002313	0.002373	0.002432	0.002492	0.002552	0.002611	0.002671	0.00273	0.00279	0.00285	0.002909	0.002969	0.003029	0.003088	0.003148	0.003208
P26263	Anaerobic excretion	0	0	0	0	0	0	0	0	0	0	0	0	0	0	0	0	0	0	0	0	0	0	0	0	0	0	0	0	0	0	0	0	0	0	0	0	0	0	0	0	0	0	0	0	0	0	0	0	0	0	0	0	0	0	0	0	0	0	0	0	0	0	0	0	0	0	0	0	0	0	0	0	0	0	0	0	0	0	0	0	0
P28240	Anaplerotic reactions 	0	5e-05	0.000172	0.000268	0.000343	0.000405	0.000455	0.000497	0.000533	0.000563	0.000589	0.000611	0.000631	0.000648	0.000663	0.000676	0.000687	0.000697	0.000706	0.000714	0.000721	0.000727	0.000733	0.000738	0.000742	0.000746	0.000749	0.000752	0.000754	0.000756	0.000758	0.000759	0.00076	0.000761	0.000762	0.000763	0.000763	0.000763	0.000763	0.000763	0.000763	0.000762	0.000762	0.000761	0.00076	0.000759	0.000758	0.000757	0.000756	0.000755	0.000754	0.000752	0.000751	0.000749	0.000748	0.000746	0.000745	2e-06	2e-06	2e-06	2e-06	2e-06	2e-06	2e-06	2e-06	2e-06	2e-06	2e-06	2e-06	2e-06	2e-06	2e-06	2e-06	2e-06	2e-06	2e-06	2e-06	2e-06	2e-06	2e-06	2e-06
P30902	Oxidative Phosphorylation	0.007366	0.008769	0.009833	0.010666	0.011338	0.01189	0.012353	0.012746	0.013085	0.013379	0.013638	0.013867	0.014071	0.014255	0.01442	0.014571	0.014708	0.014833	0.014949	0.015055	0.015154	0.015246	0.015331	0.015411	0.015486	0.015556	0.015622	0.015684	0.015743	0.015799	0.015851	0.015901	0.015949	0.015994	0.016037	0.016079	0.016118	0.016156	0.016192	0.016226	0.01626	0.016292	0.016322	0.016352	0.016381	0.016408	0.016435	0.01646	0.016485	0.016509	0.016532	0.016555	0.016577	0.016598	0.016618	0.016638	0.016658	0.016583	0.016134	0.015751	0.01537	0.014991	0.014615	0.014241	0.013869	0.0135	0.013132	0.012767	0.012404	0.012044	0.011685	0.011329	0.010975	0.010623	0.010274	0.009927	0.009582	0.009239	0.008898	0.00856	0.008224
P30952	Anaplerotic reactions 	0	3.4e-05	0.000119	0.000185	0.000237	0.00028	0.000315	0.000344	0.000368	0.000389	0.000407	0.000423	0.000436	0.000448	0.000458	0.000467	0.000475	0.000482	0.000489	0.000494	0.000499	0.000503	0.000507	0.00051	0.000513	0.000516	0.000518	0.00052	0.000522	0.000523	0.000524	0.000525	0.000526	0.000527	0.000527	0.000527	0.000528	0.000528	0.000528	0.000528	0.000527	0.000527	0.000527	0.000526	0.000526	0.000525	0.000524	0.000524	0.000523	0.000522	0.000521	0.00052	0.000519	0.000518	0.000517	0.000516	0.000515	2e-06	2e-06	2e-06	2e-06	2e-06	2e-06	2e-06	2e-06	2e-06	2e-06	2e-06	2e-06	2e-06	2e-06	2e-06	2e-06	2e-06	2e-06	2e-06	2e-06	2e-06	2e-06	2e-06	2e-06
P32327	TCA	0	0	0	0	0	0	0	0	0	0	0	0	0	0	0	0	0	0	0	0	0	0	0	0	0	0	0	0	0	0	0	0	0	0	0	0	0	0	0	0	0	0	0	0	0	0	0	0	0	0	0	0	0	0	0	0	0	0	0	0	0	0	0	0	0	0	0	0	0	0	0	0	0	0	0	0	0	0	0	0	0
P32340	Oxidative Phosphorylation	0.004915	0.005931	0.006699	0.007301	0.007785	0.008183	0.008516	0.008798	0.009041	0.009253	0.009438	0.009601	0.009747	0.009878	0.009996	0.010103	0.0102	0.010289	0.010371	0.010446	0.010515	0.01058	0.010639	0.010695	0.010747	0.010796	0.010842	0.010885	0.010926	0.010964	0.011	0.011035	0.011067	0.011098	0.011128	0.011156	0.011182	0.011208	0.011232	0.011255	0.011278	0.011299	0.01132	0.011339	0.011358	0.011376	0.011394	0.011411	0.011427	0.011443	0.011458	0.011472	0.011486	0.0115	0.011513	0.011526	0.011538	0.011544	0.011252	0.011004	0.010757	0.010512	0.010269	0.010027	0.009786	0.009547	0.00931	0.009074	0.008839	0.008606	0.008375	0.008145	0.007916	0.007689	0.007463	0.007239	0.007017	0.006796	0.006576	0.006358	0.006141
P32473	Other	0.008256	0.009939	0.011229	0.012239	0.013053	0.013721	0.01428	0.014755	0.015163	0.015518	0.015829	0.016103	0.016348	0.016568	0.016766	0.016945	0.017108	0.017257	0.017394	0.017521	0.017637	0.017745	0.017846	0.017939	0.018027	0.018109	0.018186	0.018258	0.018326	0.01839	0.018451	0.018509	0.018563	0.018615	0.018664	0.018711	0.018756	0.018799	0.018839	0.018878	0.018916	0.018952	0.018986	0.019019	0.01905	0.019081	0.01911	0.019138	0.019166	0.019192	0.019217	0.019242	0.019265	0.019288	0.01931	0.019332	0.019352	0.018364	0.01787	0.01745	0.017033	0.016618	0.016206	0.015796	0.015389	0.014984	0.014582	0.014182	0.013785	0.01339	0.012998	0.012608	0.012221	0.011836	0.011454	0.011075	0.010697	0.010323	0.009951	0.009581	0.009214
P32799	Oxidative Phosphorylation	0.002232	0.002658	0.002981	0.003235	0.003439	0.003607	0.003747	0.003867	0.003969	0.004059	0.004137	0.004207	0.004269	0.004325	0.004375	0.004421	0.004462	0.0045	0.004536	0.004568	0.004598	0.004626	0.004652	0.004676	0.004699	0.00472	0.00474	0.004759	0.004777	0.004793	0.004809	0.004825	0.004839	0.004853	0.004866	0.004878	0.00489	0.004902	0.004913	0.004923	0.004933	0.004943	0.004952	0.004961	0.00497	0.004978	0.004986	0.004994	0.005002	0.005009	0.005016	0.005023	0.005029	0.005036	0.005042	0.005048	0.005054	0.005015	0.004879	0.004763	0.004648	0.004533	0.00442	0.004306	0.004194	0.004082	0.003971	0.003861	0.003751	0.003642	0.003533	0.003425	0.003318	0.003212	0.003106	0.003001	0.002897	0.002793	0.00269	0.002588	0.002486
P33315	pentose phosphate // pentose phosphate // pentose phosphate // pentose phosphate	0	0	0	0	0	0	0	0	0	0	0	0	0	0	0	0	0	0	0	0	0	0	0	0	0	0	0	0	0	0	0	0	0	0	0	0	0	0	0	0	0	0	0	0	0	0	0	0	0	0	0	0	0	0	0	0	0	0	0	0	0	0	0	0	0	0	0	0	0	0	0	0	0	0	0	0	0	0	0	0	0
P33401	Galactose metabolism // Galactose metabolism	0	0	0	0	0	0	0	0	0	0	0	0	0	0	0	0	0	0	0	0	0	0	0	0	0	0	0	0	0	0	0	0	0	0	0	0	0	0	0	0	0	0	0	0	0	0	0	0	0	0	0	0	0	0	0	0	0	0	0	0	0	0	0	0	0	0	0	0	0	0	0	0	0	0	0	0	0	0	0	0	0
P33421	TCA // TCA	0.000864	0.000963	0.001038	0.001098	0.001146	0.001186	0.00122	0.001249	0.001275	0.001297	0.001317	0.001334	0.00135	0.001365	0.001378	0.00139	0.001401	0.001412	0.001422	0.001431	0.001439	0.001447	0.001455	0.001462	0.001469	0.001476	0.001482	0.001488	0.001493	0.001499	0.001504	0.001509	0.001514	0.001519	0.001523	0.001528	0.001532	0.001536	0.00154	0.001544	0.001548	0.001552	0.001556	0.001559	0.001563	0.001566	0.001569	0.001572	0.001576	0.001579	0.001582	0.001585	0.001588	0.001591	0.001593	0.001596	0.001599	0.001504	0.001445	0.001394	0.001343	0.001292	0.001242	0.001191	0.001141	0.001092	0.001042	0.000993	0.000944	0.000896	0.000847	0.000799	0.000751	0.000704	0.000656	0.000609	0.000563	0.000516	0.00047	0.000424	0.000378
P37012	Galactose metabolism // Galactose metabolism	0	0	0	0	0	0	0	0	0	0	0	0	0	0	0	0	0	0	0	0	0	0	0	0	0	0	0	0	0	0	0	0	0	0	0	0	0	0	0	0	0	0	0	0	0	0	0	0	0	0	0	0	0	0	0	0	0	0	0	0	0	0	0	0	0	0	0	0	0	0	0	0	0	0	0	0	0	0	0	0	0
P37298	TCA // TCA	0.000793	0.000884	0.000953	0.001007	0.001052	0.001089	0.00112	0.001146	0.001169	0.00119	0.001208	0.001224	0.001239	0.001252	0.001264	0.001275	0.001286	0.001295	0.001304	0.001313	0.001321	0.001328	0.001335	0.001342	0.001348	0.001354	0.00136	0.001365	0.00137	0.001375	0.00138	0.001385	0.001389	0.001394	0.001398	0.001402	0.001406	0.00141	0.001413	0.001417	0.001421	0.001424	0.001427	0.001431	0.001434	0.001437	0.00144	0.001443	0.001446	0.001449	0.001451	0.001454	0.001457	0.001459	0.001462	0.001464	0.001467	0.00138	0.001326	0.001279	0.001232	0.001186	0.001139	0.001093	0.001047	0.001002	0.000956	0.000911	0.000866	0.000822	0.000777	0.000733	0.000689	0.000646	0.000602	0.000559	0.000516	0.000474	0.000431	0.000389	0.000347
P37299	Oxidative Phosphorylation	0.004024	0.004794	0.005376	0.005833	0.006201	0.006504	0.006757	0.006972	0.007158	0.007319	0.007461	0.007586	0.007698	0.007799	0.007889	0.007972	0.008047	0.008116	0.008179	0.008237	0.008291	0.008342	0.008388	0.008432	0.008473	0.008511	0.008547	0.008581	0.008614	0.008644	0.008673	0.0087	0.008726	0.008751	0.008775	0.008797	0.008819	0.008839	0.008859	0.008878	0.008896	0.008914	0.00893	0.008946	0.008962	0.008977	0.008992	0.009006	0.009019	0.009032	0.009045	0.009057	0.009069	0.009081	0.009092	0.009103	0.009113	0.009043	0.008798	0.008589	0.008382	0.008175	0.00797	0.007766	0.007563	0.007361	0.007161	0.006962	0.006764	0.006567	0.006371	0.006177	0.005984	0.005792	0.005602	0.005412	0.005224	0.005037	0.004851	0.004667	0.004483
P38077	Oxidative Phosphorylation	0.012772	0.015207	0.01705	0.018496	0.01966	0.020618	0.02142	0.022102	0.022689	0.0232	0.023648	0.024045	0.0244	0.024718	0.025005	0.025266	0.025504	0.025721	0.025922	0.026107	0.026278	0.026437	0.026585	0.026724	0.026853	0.026975	0.027089	0.027197	0.027299	0.027396	0.027487	0.027574	0.027656	0.027735	0.027809	0.027881	0.027949	0.028015	0.028077	0.028137	0.028195	0.02825	0.028304	0.028355	0.028405	0.028452	0.028498	0.028543	0.028586	0.028627	0.028668	0.028707	0.028744	0.028781	0.028817	0.028851	0.028885	0.028755	0.027977	0.027313	0.026652	0.025996	0.025343	0.024695	0.02405	0.023409	0.022772	0.022139	0.021509	0.020884	0.020263	0.019645	0.019031	0.018421	0.017815	0.017213	0.016615	0.016021	0.01543	0.014844	0.014261
P38113	Anaerobic excretion // Anaerobic excretion	0	0	0	0	0	0	0	0	0	0	0	0	0	0	0	0	0	0	0	0	0	0	0	0	0	0	0	0	0	0	0	0	0	0	0	0	0	0	0	0	0	0	0	0	0	0	0	0	0	0	0	0	0	0	0	0	0	0	0	0	0	0	0	0	0	0	0	0	0	0	0	0	0	0	0	0	0	0	0	0	0
P38720	pentose phosphate	0	0.001507	0.002638	0.003516	0.004214	0.00478	0.005248	0.005639	0.00597	0.006253	0.006496	0.006707	0.006891	0.007052	0.007193	0.007318	0.007429	0.007527	0.007614	0.007692	0.007761	0.007823	0.007878	0.007927	0.00797	0.008009	0.008044	0.008075	0.008102	0.008126	0.008146	0.008165	0.00818	0.008194	0.008205	0.008214	0.008222	0.008228	0.008232	0.008236	0.008237	0.008238	0.008237	0.008236	0.008233	0.00823	0.008225	0.00822	0.008214	0.008208	0.0082	0.008193	0.008184	0.008175	0.008166	0.008156	0.008146	0.005062	0.005208	0.005353	0.005498	0.005644	0.005789	0.005935	0.00608	0.006226	0.006371	0.006516	0.006662	0.006807	0.006953	0.007098	0.007243	0.007389	0.007534	0.00768	0.007825	0.007971	0.008116	0.008261	0.008407
P38824	Oxidative Phosphorylation	0	0	0	0	0	0	0	0	0	0	0	0	0	0	0	0	0	0	0	0	0	0	0	0	0	0	0	0	0	0	0	0	0	0	0	0	0	0	0	0	0	0	0	0	0	0	0	0	0	0	0	0	0	0	0	0	0	0	0	0	0	0	0	0	0	0	0	0	0	0	0	0	0	0	0	0	0	0	0	0	0
P38858	pentose phosphate	0	0.002897	0.00507	0.006756	0.008098	0.009187	0.010086	0.010838	0.011474	0.012017	0.012485	0.01289	0.013243	0.013552	0.013824	0.014064	0.014277	0.014465	0.014633	0.014782	0.014915	0.015034	0.015139	0.015234	0.015318	0.015393	0.015459	0.015518	0.01557	0.015616	0.015656	0.015691	0.015721	0.015747	0.015769	0.015787	0.015801	0.015813	0.015821	0.015827	0.015831	0.015832	0.01583	0.015827	0.015822	0.015816	0.015807	0.015797	0.015786	0.015774	0.01576	0.015745	0.015729	0.015712	0.015694	0.015675	0.015655	0.009835	0.010114	0.010394	0.010673	0.010953	0.011232	0.011512	0.011791	0.012071	0.01235	0.01263	0.012909	0.013189	0.013468	0.013747	0.014027	0.014306	0.014586	0.014865	0.015145	0.015424	0.015704	0.015983	0.016263
P40047	Phenylalanine, tyrosine, and tryptophan biosynthesis (aromatic amino acids)	0	0	0	0	0	0	0	0	0	0	0	0	0	0	0	0	0	0	0	0	0	0	0	0	0	0	0	0	0	0	0	0	0	0	0	0	0	0	0	0	0	0	0	0	0	0	0	0	0	0	0	0	0	0	0	0	0	0	0	0	0	0	0	0	0	0	0	0	0	0	0	0	0	0	0	0	0	0	0	0	0
P40106	Anaerobic excretion	0	0	0	0	0	0	0	0	0	0	0	0	0	0	0	0	0	0	0	0	0	0	0	0	0	0	0	0	0	0	0	0	0	0	0	0	0	0	0	0	0	0	0	0	0	0	0	0	0	0	0	0	0	0	0	0	0	0	0	0	0	0	0	0	0	0	0	0	0	0	0	0	0	0	0	0	0	0	0	0	0
P40215	Oxidative Phosphorylation	0	0	0	0	0	0	0	0	0	0	0	0	0	0	0	0	0	0	0	0	0	0	0	0	0	0	0	0	0	0	0	0	0	0	0	0	0	0	0	0	0	0	0	0	0	0	0	0	0	0	0	0	0	0	0	0	0	0	0	0	0	0	0	0	0	0	0	0	0	0	0	0	0	0	0	0	0	0	0	0	0
P41277	Anaerobic excretion	0	0	0	0	0	0	0	0	0	0	0	0	0	0	0	0	0	0	0	0	0	0	0	0	0	0	0	0	0	0	0	0	0	0	0	0	0	0	0	0	0	0	0	0	0	0	0	0	0	0	0	0	0	0	0	0	0	0	0	0	0	0	0	0	0	0	0	0	0	0	0	0	0	0	0	0	0	0	0	0	0
P41911	Anaerobic excretion	0	0	0	0	0	0	0	0	0	0	0	0	0	0	0	0	0	0	0	0	0	0	0	0	0	0	0	0	0	0	0	0	0	0	0	0	0	0	0	0	0	0	0	0	0	0	0	0	0	0	0	0	0	0	0	0	0	0	0	0	0	0	0	0	0	0	0	0	0	0	0	0	0	0	0	0	0	0	0	0	0
P42222	Glycolysis // Glycolysis	0.001766	0.002532	0.003109	0.003559	0.003918	0.004212	0.004456	0.004662	0.004837	0.004988	0.00512	0.005235	0.005336	0.005426	0.005506	0.005577	0.005642	0.0057	0.005752	0.0058	0.005843	0.005883	0.005919	0.005952	0.005983	0.00601	0.006036	0.00606	0.006082	0.006102	0.00612	0.006137	0.006153	0.006168	0.006182	0.006194	0.006206	0.006216	0.006226	0.006236	0.006244	0.006252	0.006259	0.006266	0.006272	0.006277	0.006283	0.006287	0.006292	0.006295	0.006299	0.006302	0.006305	0.006308	0.00631	0.006312	0.006313	0.007201	0.008405	0.009431	0.010451	0.011464	0.012472	0.013473	0.014469	0.015458	0.016442	0.017419	0.01839	0.019356	0.020315	0.021268	0.022215	0.023156	0.024091	0.02502	0.025942	0.026859	0.02777	0.028674	0.029573
P43635	TCA	0	0	0	0	0	0	0	0	0	0	0	0	0	0	0	0	0	0	0	0	0	0	0	0	0	0	0	0	0	0	0	0	0	0	0	0	0	0	0	0	0	0	0	0	0	0	0	0	0	0	0	0	0	0	0	0	0	0	0	0	0	0	0	0	0	0	0	0	0	0	0	0	0	0	0	0	0	0	0	0	0
P46367	Phenylalanine, tyrosine, and tryptophan biosynthesis (aromatic amino acids)	0	0	0	0	0	0	0	0	0	0	0	0	0	0	0	0	0	0	0	0	0	0	0	0	0	0	0	0	0	0	0	0	0	0	0	0	0	0	0	0	0	0	0	0	0	0	0	0	0	0	0	0	0	0	0	0	0	0	0	0	0	0	0	0	0	0	0	0	0	0	0	0	0	0	0	0	0	0	0	0	0
P46969	pentose phosphate // pentose phosphate	0	0.000132	0.000231	0.000308	0.00037	0.000419	0.00046	0.000495	0.000524	0.000549	0.00057	0.000588	0.000605	0.000619	0.000631	0.000642	0.000652	0.00066	0.000668	0.000675	0.000681	0.000686	0.000691	0.000695	0.000699	0.000703	0.000706	0.000708	0.000711	0.000713	0.000715	0.000716	0.000718	0.000719	0.00072	0.000721	0.000721	0.000722	0.000722	0.000723	0.000723	0.000723	0.000723	0.000723	0.000722	0.000722	0.000722	0.000721	0.000721	0.00072	0.000719	0.000719	0.000718	0.000717	0.000716	0.000716	0.000715	0.000393	0.000405	0.000418	0.000431	0.000444	0.000456	0.000469	0.000482	0.000495	0.000507	0.00052	0.000533	0.000546	0.000559	0.000571	0.000584	0.000597	0.00061	0.000622	0.000635	0.000648	0.000661	0.000673	0.000686
P47052	TCA	0	0	0	0	0	0	0	0	0	0	0	0	0	0	0	0	0	0	0	0	0	0	0	0	0	0	0	0	0	0	0	0	0	0	0	0	0	0	0	0	0	0	0	0	0	0	0	0	0	0	0	0	0	0	0	0	0	0	0	0	0	0	0	0	0	0	0	0	0	0	0	0	0	0	0	0	0	0	0	0	0
P47081	Oxidative Phosphorylation	0	0	0	0	0	0	0	0	0	0	0	0	0	0	0	0	0	0	0	0	0	0	0	0	0	0	0	0	0	0	0	0	0	0	0	0	0	0	0	0	0	0	0	0	0	0	0	0	0	0	0	0	0	0	0	0	0	0	0	0	0	0	0	0	0	0	0	0	0	0	0	0	0	0	0	0	0	0	0	0	0
P47771	Phenylalanine, tyrosine, and tryptophan biosynthesis (aromatic amino acids)	0	0	0	0	0	0	0	0	0	0	0	0	0	0	0	0	0	0	0	0	0	0	0	0	0	0	0	0	0	0	0	0	0	0	0	0	0	0	0	0	0	0	0	0	0	0	0	0	0	0	0	0	0	0	0	0	0	0	0	0	0	0	0	0	0	0	0	0	0	0	0	0	0	0	0	0	0	0	0	0	0
P52489	Glycolysis	0	0	0	0	0	0	0	0	0	0	0	0	0	0	0	0	0	0	0	0	0	0	0	0	0	0	0	0	0	0	0	0	0	0	0	0	0	0	0	0	0	0	0	0	0	0	0	0	0	0	0	0	0	0	0	0	0	0	0	0	0	0	0	0	0	0	0	0	0	0	0	0	0	0	0	0	0	0	0	0	0
P52910	Other	0	0.000227	0.000397	0.000529	0.000634	0.000719	0.00079	0.000849	0.000899	0.000941	0.000978	0.001009	0.001037	0.001061	0.001083	0.001101	0.001118	0.001133	0.001146	0.001158	0.001168	0.001177	0.001186	0.001193	0.0012	0.001205	0.001211	0.001215	0.001219	0.001223	0.001226	0.001229	0.001231	0.001233	0.001235	0.001236	0.001237	0.001238	0.001239	0.001239	0.00124	0.00124	0.00124	0.00124	0.001239	0.001239	0.001238	0.001237	0.001236	0.001235	0.001234	0.001233	0.001232	0.00123	0.001229	0.001228	0.001226	0.001247	0.001269	0.001291	0.001313	0.001335	0.001357	0.001379	0.001401	0.001422	0.001444	0.001466	0.001488	0.00151	0.001532	0.001554	0.001576	0.001598	0.001619	0.001641	0.001663	0.001685	0.001707	0.001729	0.001751
P53239	Oxidative Phosphorylation	0	0	0	0	0	0	0	0	0	0	0	0	0	0	0	0	0	0	0	0	0	0	0	0	0	0	0	0	0	0	0	0	0	0	0	0	0	0	0	0	0	0	0	0	0	0	0	0	0	0	0	0	0	0	0	0	0	0	0	0	0	0	0	0	0	0	0	0	0	0	0	0	0	0	0	0	0	0	0	0	0
P53312	TCA	0.002003	0.002231	0.002399	0.002533	0.002641	0.002731	0.002807	0.002872	0.002929	0.002979	0.003024	0.003064	0.0031	0.003132	0.003162	0.00319	0.003216	0.003239	0.003261	0.003282	0.003302	0.00332	0.003338	0.003354	0.00337	0.003385	0.003399	0.003413	0.003426	0.003438	0.003451	0.003462	0.003474	0.003484	0.003495	0.003505	0.003515	0.003525	0.003534	0.003543	0.003552	0.003561	0.003569	0.003578	0.003586	0.003594	0.003601	0.003609	0.003616	0.003623	0.003631	0.003638	0.003644	0.003651	0.003658	0.003664	0.003671	0.003487	0.003351	0.003232	0.003114	0.002996	0.002879	0.002762	0.002647	0.002531	0.002417	0.002303	0.00219	0.002077	0.001965	0.001853	0.001742	0.001632	0.001522	0.001413	0.001304	0.001197	0.001089	0.000983	0.000877
P53315	pentose phosphate	0	0	0	0	0	0	0	0	0	0	0	0	0	0	0	0	0	0	0	0	0	0	0	0	0	0	0	0	0	0	0	0	0	0	0	0	0	0	0	0	0	0	0	0	0	0	0	0	0	0	0	0	0	0	0	0	0	0	0	0	0	0	0	0	0	0	0	0	0	0	0	0	0	0	0	0	0	0	0	0	0
P53319	pentose phosphate	0	0	0	0	0	0	0	0	0	0	0	0	0	0	0	0	0	0	0	0	0	0	0	0	0	0	0	0	0	0	0	0	0	0	0	0	0	0	0	0	0	0	0	0	0	0	0	0	0	0	0	0	0	0	0	0	0	0	0	0	0	0	0	0	0	0	0	0	0	0	0	0	0	0	0	0	0	0	0	0	0
P53598	TCA	0.001496	0.001666	0.001792	0.001892	0.001973	0.00204	0.002097	0.002145	0.002188	0.002225	0.002259	0.002288	0.002315	0.00234	0.002362	0.002383	0.002402	0.00242	0.002436	0.002452	0.002466	0.00248	0.002493	0.002505	0.002517	0.002528	0.002539	0.002549	0.002559	0.002568	0.002577	0.002586	0.002595	0.002603	0.002611	0.002618	0.002626	0.002633	0.00264	0.002647	0.002653	0.00266	0.002666	0.002672	0.002678	0.002684	0.00269	0.002696	0.002701	0.002707	0.002712	0.002717	0.002722	0.002727	0.002732	0.002737	0.002742	0.002605	0.002503	0.002414	0.002326	0.002238	0.00215	0.002063	0.001977	0.001891	0.001805	0.00172	0.001635	0.001551	0.001467	0.001384	0.001301	0.001219	0.001137	0.001055	0.000974	0.000894	0.000814	0.000734	0.000655
P54115	Anaerobic excretion	0	0.000464	0.000812	0.001082	0.001297	0.001471	0.001615	0.001735	0.001837	0.001924	0.001999	0.002064	0.00212	0.00217	0.002213	0.002252	0.002286	0.002316	0.002343	0.002367	0.002388	0.002407	0.002424	0.002439	0.002453	0.002465	0.002475	0.002485	0.002493	0.0025	0.002507	0.002512	0.002517	0.002521	0.002525	0.002528	0.00253	0.002532	0.002533	0.002534	0.002535	0.002535	0.002535	0.002534	0.002533	0.002532	0.002531	0.002529	0.002528	0.002526	0.002523	0.002521	0.002518	0.002516	0.002513	0.00251	0.002507	0.013398	0.013443	0.013488	0.013533	0.013577	0.013622	0.013667	0.013712	0.013756	0.013801	0.013846	0.013891	0.013935	0.01398	0.014025	0.01407	0.014115	0.014159	0.014204	0.014249	0.014294	0.014338	0.014383	0.014428
P61829	Oxidative Phosphorylation	0.002885	0.003435	0.003852	0.004178	0.004441	0.004657	0.004839	0.004993	0.005125	0.005241	0.005342	0.005432	0.005512	0.005584	0.005648	0.005707	0.005761	0.00581	0.005856	0.005897	0.005936	0.005972	0.006005	0.006037	0.006066	0.006093	0.006119	0.006144	0.006167	0.006188	0.006209	0.006229	0.006247	0.006265	0.006282	0.006298	0.006313	0.006328	0.006342	0.006356	0.006369	0.006382	0.006394	0.006405	0.006416	0.006427	0.006438	0.006448	0.006457	0.006467	0.006476	0.006485	0.006493	0.006501	0.006509	0.006517	0.006525	0.006496	0.00632	0.00617	0.006021	0.005872	0.005725	0.005578	0.005433	0.005288	0.005144	0.005001	0.004859	0.004718	0.004577	0.004438	0.004299	0.004161	0.004024	0.003888	0.003753	0.003619	0.003486	0.003353	0.003221
P81449	Oxidative Phosphorylation	0.004044	0.004814	0.005398	0.005856	0.006224	0.006528	0.006782	0.006998	0.007183	0.007345	0.007487	0.007613	0.007725	0.007826	0.007917	0.007999	0.008074	0.008143	0.008207	0.008265	0.00832	0.00837	0.008417	0.008461	0.008502	0.00854	0.008577	0.008611	0.008643	0.008673	0.008702	0.00873	0.008756	0.008781	0.008805	0.008827	0.008849	0.008869	0.008889	0.008908	0.008927	0.008944	0.008961	0.008977	0.008993	0.009008	0.009023	0.009037	0.00905	0.009063	0.009076	0.009089	0.009101	0.009112	0.009123	0.009134	0.009145	0.009104	0.008857	0.008647	0.008438	0.00823	0.008024	0.007818	0.007614	0.007411	0.00721	0.007009	0.00681	0.006612	0.006415	0.00622	0.006025	0.005832	0.00564	0.00545	0.00526	0.005072	0.004885	0.0047	0.004515
P81450	Oxidative Phosphorylation	0.002487	0.002961	0.00332	0.003601	0.003828	0.004014	0.00417	0.004303	0.004417	0.004517	0.004604	0.004681	0.00475	0.004812	0.004868	0.004919	0.004965	0.005008	0.005047	0.005083	0.005116	0.005147	0.005176	0.005203	0.005228	0.005252	0.005274	0.005295	0.005315	0.005334	0.005351	0.005368	0.005384	0.0054	0.005414	0.005428	0.005441	0.005454	0.005466	0.005478	0.005489	0.0055	0.00551	0.00552	0.00553	0.005539	0.005548	0.005557	0.005565	0.005573	0.005581	0.005589	0.005596	0.005603	0.00561	0.005617	0.005624	0.005598	0.005447	0.005318	0.005189	0.005061	0.004934	0.004808	0.004682	0.004558	0.004433	0.00431	0.004188	0.004066	0.003945	0.003825	0.003705	0.003586	0.003468	0.003351	0.003235	0.003119	0.003004	0.00289	0.002776
P81451	Oxidative Phosphorylation	0.002801	0.003335	0.003739	0.004056	0.004312	0.004522	0.004698	0.004847	0.004976	0.005088	0.005187	0.005274	0.005351	0.005421	0.005484	0.005541	0.005593	0.005641	0.005685	0.005726	0.005763	0.005798	0.005831	0.005861	0.005889	0.005916	0.005941	0.005965	0.005987	0.006008	0.006028	0.006047	0.006066	0.006083	0.006099	0.006115	0.00613	0.006144	0.006158	0.006171	0.006184	0.006196	0.006208	0.006219	0.00623	0.00624	0.00625	0.00626	0.006269	0.006279	0.006287	0.006296	0.006304	0.006312	0.00632	0.006328	0.006335	0.006307	0.006136	0.00599	0.005845	0.005701	0.005558	0.005416	0.005275	0.005134	0.004994	0.004855	0.004717	0.00458	0.004444	0.004309	0.004174	0.00404	0.003907	0.003775	0.003644	0.003514	0.003384	0.003255	0.003128
Q00055	Anaerobic excretion	0	0	0	0	0	0	0	0	0	0	0	0	0	0	0	0	0	0	0	0	0	0	0	0	0	0	0	0	0	0	0	0	0	0	0	0	0	0	0	0	0	0	0	0	0	0	0	0	0	0	0	0	0	0	0	0	0	0	0	0	0	0	0	0	0	0	0	0	0	0	0	0	0	0	0	0	0	0	0	0	0
Q00711	TCA	0.002749	0.003065	0.003305	0.003494	0.003648	0.003775	0.003883	0.003976	0.004056	0.004127	0.00419	0.004246	0.004297	0.004343	0.004385	0.004424	0.00446	0.004493	0.004524	0.004553	0.00458	0.004606	0.00463	0.004653	0.004675	0.004696	0.004716	0.004735	0.004753	0.00477	0.004787	0.004803	0.004819	0.004834	0.004848	0.004862	0.004876	0.004889	0.004902	0.004915	0.004927	0.004939	0.00495	0.004962	0.004973	0.004983	0.004994	0.005004	0.005014	0.005024	0.005034	0.005043	0.005053	0.005062	0.005071	0.005079	0.005088	0.004786	0.004599	0.004435	0.004273	0.004112	0.003951	0.003791	0.003632	0.003474	0.003317	0.003161	0.003005	0.00285	0.002696	0.002543	0.002391	0.00224	0.002089	0.001939	0.00179	0.001642	0.001495	0.001349	0.001203
Q01519	Oxidative Phosphorylation	0.001454	0.001732	0.001943	0.002108	0.002241	0.00235	0.002442	0.002519	0.002586	0.002645	0.002696	0.002741	0.002782	0.002818	0.002851	0.002881	0.002908	0.002933	0.002955	0.002976	0.002996	0.003014	0.003031	0.003047	0.003062	0.003076	0.003089	0.003101	0.003112	0.003123	0.003134	0.003144	0.003153	0.003162	0.003171	0.003179	0.003187	0.003194	0.003201	0.003208	0.003215	0.003221	0.003227	0.003233	0.003238	0.003244	0.003249	0.003254	0.003259	0.003264	0.003268	0.003273	0.003277	0.003281	0.003285	0.003289	0.003293	0.003268	0.003179	0.003104	0.003029	0.002954	0.00288	0.002806	0.002733	0.00266	0.002588	0.002516	0.002444	0.002373	0.002302	0.002232	0.002162	0.002093	0.002024	0.001956	0.001888	0.00182	0.001753	0.001686	0.00162
Q01574	Other	0	0	0	0	0	0	0	0	0	0	0	0	0	0	0	0	0	0	0	0	0	0	0	0	0	0	0	0	0	0	0	0	0	0	0	0	0	0	0	0	0	0	0	0	0	0	0	0	0	0	0	0	0	0	0	0	0	0	0	0	0	0	0	0	0	0	0	0	0	0	0	0	0	0	0	0	0	0	0	0	0
Q04458	Phenylalanine, tyrosine, and tryptophan biosynthesis (aromatic amino acids)	0	0	0	0	0	0	0	0	0	0	0	0	0	0	0	0	0	0	0	0	0	0	0	0	0	0	0	0	0	0	0	0	0	0	0	0	0	0	0	0	0	0	0	0	0	0	0	0	0	0	0	0	0	0	0	0	0	0	0	0	0	0	0	0	0	0	0	0	0	0	0	0	0	0	0	0	0	0	0	0	0
Q04935	Oxidative Phosphorylation	0	0	0	0	0	0	0	0	0	0	0	0	0	0	0	0	0	0	0	0	0	0	0	0	0	0	0	0	0	0	0	0	0	0	0	0	0	0	0	0	0	0	0	0	0	0	0	0	0	0	0	0	0	0	0	0	0	0	0	0	0	0	0	0	0	0	0	0	0	0	0	0	0	0	0	0	0	0	0	0	0
Q06204	Glycolysis	0	0	0	0	0	0	0	0	0	0	0	0	0	0	0	0	0	0	0	0	0	0	0	0	0	0	0	0	0	0	0	0	0	0	0	0	0	0	0	0	0	0	0	0	0	0	0	0	0	0	0	0	0	0	0	0	0	0	0	0	0	0	0	0	0	0	0	0	0	0	0	0	0	0	0	0	0	0	0	0	0
Q06405	Oxidative Phosphorylation	0.004206	0.005008	0.005615	0.006091	0.006474	0.00679	0.007054	0.007279	0.007472	0.00764	0.007788	0.007919	0.008035	0.00814	0.008235	0.00832	0.008399	0.00847	0.008536	0.008597	0.008654	0.008706	0.008755	0.0088	0.008843	0.008883	0.008921	0.008956	0.00899	0.009022	0.009052	0.00908	0.009108	0.009133	0.009158	0.009182	0.009204	0.009226	0.009246	0.009266	0.009285	0.009303	0.009321	0.009338	0.009354	0.00937	0.009385	0.0094	0.009414	0.009427	0.009441	0.009453	0.009466	0.009478	0.00949	0.009501	0.009512	0.00947	0.009213	0.008994	0.008777	0.008561	0.008346	0.008132	0.00792	0.007709	0.007499	0.007291	0.007083	0.006877	0.006673	0.006469	0.006267	0.006066	0.005867	0.005669	0.005472	0.005276	0.005081	0.004888	0.004696
Q07500	Oxidative Phosphorylation	0	0	0	0	0	0	0	0	0	0	0	0	0	0	0	0	0	0	0	0	0	0	0	0	0	0	0	0	0	0	0	0	0	0	0	0	0	0	0	0	0	0	0	0	0	0	0	0	0	0	0	0	0	0	0	0	0	0	0	0	0	0	0	0	0	0	0	0	0	0	0	0	0	0	0	0	0	0	0	0	0
Q12055	Salvage pathways // Salvage pathways	0	8.5e-05	0.000149	0.000199	0.000238	0.00027	0.000297	0.000319	0.000338	0.000354	0.000367	0.000379	0.00039	0.000399	0.000407	0.000414	0.00042	0.000426	0.00043	0.000435	0.000439	0.000442	0.000445	0.000448	0.000451	0.000453	0.000455	0.000457	0.000458	0.000459	0.000461	0.000462	0.000462	0.000463	0.000464	0.000464	0.000465	0.000465	0.000465	0.000466	0.000466	0.000466	0.000466	0.000466	0.000465	0.000465	0.000465	0.000465	0.000464	0.000464	0.000464	0.000463	0.000463	0.000462	0.000462	0.000461	0.000461	0.000469	0.000477	0.000485	0.000493	0.000501	0.00051	0.000518	0.000526	0.000534	0.000543	0.000551	0.000559	0.000567	0.000575	0.000584	0.000592	0.0006	0.000608	0.000617	0.000625	0.000633	0.000641	0.000649	0.000658
Q12165	Oxidative Phosphorylation	0.006329	0.007535	0.008448	0.009165	0.009741	0.010216	0.010613	0.010951	0.011242	0.011495	0.011718	0.011914	0.01209	0.012247	0.01239	0.012519	0.012637	0.012745	0.012844	0.012936	0.01302	0.013099	0.013173	0.013241	0.013306	0.013366	0.013423	0.013476	0.013526	0.013574	0.01362	0.013663	0.013703	0.013742	0.013779	0.013815	0.013849	0.013881	0.013912	0.013942	0.01397	0.013998	0.014024	0.01405	0.014074	0.014098	0.014121	0.014143	0.014164	0.014185	0.014205	0.014224	0.014243	0.014261	0.014278	0.014296	0.014312	0.014248	0.013862	0.013533	0.013206	0.012881	0.012557	0.012236	0.011916	0.011599	0.011283	0.01097	0.010658	0.010348	0.01004	0.009734	0.00943	0.009128	0.008827	0.008529	0.008233	0.007938	0.007646	0.007355	0.007066
Q12189	pentose phosphate // pentose phosphate	0	0.001315	0.002302	0.003067	0.003676	0.00417	0.004578	0.004919	0.005208	0.005455	0.005667	0.005851	0.006011	0.006151	0.006275	0.006384	0.00648	0.006566	0.006642	0.00671	0.00677	0.006824	0.006872	0.006915	0.006953	0.006987	0.007017	0.007044	0.007067	0.007088	0.007106	0.007122	0.007136	0.007148	0.007157	0.007166	0.007172	0.007177	0.007181	0.007184	0.007186	0.007186	0.007185	0.007184	0.007182	0.007179	0.007175	0.007171	0.007165	0.00716	0.007153	0.007147	0.007139	0.007132	0.007123	0.007115	0.007106	0.005078	0.005205	0.005332	0.005459	0.005585	0.005712	0.005839	0.005966	0.006093	0.00622	0.006347	0.006473	0.0066	0.006727	0.006854	0.006981	0.007108	0.007235	0.007361	0.007488	0.007615	0.007742	0.007869	0.007996
Q12233	Oxidative Phosphorylation	0.004804	0.00572	0.006414	0.006957	0.007395	0.007755	0.008057	0.008314	0.008535	0.008727	0.008895	0.009045	0.009178	0.009298	0.009406	0.009504	0.009593	0.009675	0.009751	0.00982	0.009885	0.009944	0.01	0.010052	0.010101	0.010147	0.01019	0.01023	0.010269	0.010305	0.010339	0.010372	0.010403	0.010432	0.010461	0.010488	0.010513	0.010538	0.010561	0.010584	0.010606	0.010626	0.010647	0.010666	0.010684	0.010702	0.01072	0.010736	0.010753	0.010768	0.010783	0.010798	0.010812	0.010826	0.010839	0.010852	0.010865	0.010816	0.010524	0.010274	0.010025	0.009778	0.009533	0.009289	0.009046	0.008805	0.008566	0.008328	0.008091	0.007856	0.007622	0.00739	0.007159	0.006929	0.006701	0.006475	0.00625	0.006026	0.005804	0.005583	0.005364
Q12349	Oxidative Phosphorylation	0.005253	0.006254	0.007012	0.007607	0.008086	0.00848	0.00881	0.00909	0.009332	0.009542	0.009726	0.009889	0.010035	0.010166	0.010284	0.010391	0.010489	0.010579	0.010661	0.010737	0.010808	0.010873	0.010934	0.010991	0.011044	0.011094	0.011141	0.011186	0.011228	0.011267	0.011305	0.011341	0.011374	0.011407	0.011438	0.011467	0.011495	0.011522	0.011548	0.011572	0.011596	0.011619	0.011641	0.011662	0.011682	0.011702	0.011721	0.011739	0.011757	0.011774	0.01179	0.011807	0.011822	0.011837	0.011852	0.011866	0.01188	0.011827	0.011506	0.011233	0.010962	0.010692	0.010423	0.010156	0.009891	0.009628	0.009366	0.009105	0.008846	0.008589	0.008334	0.00808	0.007827	0.007576	0.007327	0.00708	0.006833	0.006589	0.006346	0.006105	0.005865
Q3E731	Oxidative Phosphorylation	0	0	0	0	0	0	0	0	0	0	0	0	0	0	0	0	0	0	0	0	0	0	0	0	0	0	0	0	0	0	0	0	0	0	0	0	0	0	0	0	0	0	0	0	0	0	0	0	0	0	0	0	0	0	0	0	0	0	0	0	0	0	0	0	0	0	0	0	0	0	0	0	0	0	0	0	0	0	0	0	0
