enzymes	ranges	minU	maxU	pU
P00127	1.02034252916211e-08	3.62437283584395e-05	3.62539317837311e-05	3.62538956302119e-05
P00128	1.02034252916211e-08	3.62437283584395e-05	3.62539317837311e-05	3.62538956302119e-05
P00163	1.02034252916211e-08	3.62437283584395e-05	3.62539317837311e-05	3.62538956302119e-05
P00330	9.60354462139226e-05	0	9.60354462139226e-05	0
P00358	0.000141850518005423	0	0.000141850518005423	0
P00359	0.000142247740566985	0	0.000142247740566985	4.32506105956707e-05
P00360	0.0001422346098594	0	0.0001422346098594	0
P00401	3.23684724463812e-09	1.14976499478827e-05	1.15008867951274e-05	1.15008753260946e-05
P00410	3.23684724463812e-09	1.14976499478827e-05	1.15008867951274e-05	1.15008753260946e-05
P00420	3.23684724463812e-09	1.14976499478827e-05	1.15008867951274e-05	1.15008753260946e-05
P00425	4.58243858194335e-07	1.1042642936933e-05	1.15008867951274e-05	1.15008753260946e-05
P00427	4.58243858194335e-07	1.1042642936933e-05	1.15008867951274e-05	1.15008753260946e-05
P00549	4.21842316758256e-06	0	4.21842316758256e-06	4.2135279968936e-06
P00560	7.91017116945685e-05	1.96202436160495e-06	8.10637360561735e-05	1.96343557067135e-06
P00830	1.26205033718212e-08	2.87443630156954e-05	2.87569835190672e-05	2.87443685391498e-05
P00854	1.26204226006025e-08	2.87441790517721e-05	2.87567994743727e-05	2.87441845751911e-05
P00856	1.26204226006025e-08	2.87441790517721e-05	2.87567994743727e-05	2.87441845751911e-05
P00890	3.90508281459225e-06	0	3.90508281459225e-06	3.90418378025489e-06
P00924	8.02199099932185e-05	0	8.02199099932185e-05	0
P00925	8.0052164256465e-05	0	8.0052164256465e-05	0
P00942	6.40129187843065e-05	6.02393412121684e-08	6.40731581255186e-05	6.03267750829838e-08
P00950	0.000128179483769795	1.82815707443294e-06	0.000130007640844228	1.82947199788076e-06
P04037	4.58243858194335e-07	1.1042642936933e-05	1.15008867951274e-05	1.15008753260946e-05
P04039	9.16487716388671e-07	2.20852858738661e-05	2.30017735902548e-05	2.30017506521892e-05
P04385	0	0	0	0
P04397	4.52563150067771e-05	0	4.52563150067771e-05	0
P04806	2.88025243635344e-06	0	2.88025243635344e-06	2.88025243635344e-06
P04807	6.22880163820713e-06	0	6.22880163820713e-06	0
P05626	1.26204226006025e-08	2.87441790517721e-05	2.87567994743727e-05	2.87441845751911e-05
P06169	5.77635337134017e-07	0	5.77635337134017e-07	5.65437982609332e-07
P07143	1.02034252916211e-08	3.62437283584395e-05	3.62539317837311e-05	3.62538956302119e-05
P07170	0.000146558303457273	0	0.000146558303457273	0
P07251	1.26205033718212e-08	2.87443630156954e-05	2.87569835190672e-05	2.87443685391498e-05
P07255	3.23684724463812e-09	1.14976499478827e-05	1.15008867951274e-05	1.15008753260946e-05
P07256	1.02034252916211e-08	3.62437283584395e-05	3.62539317837311e-05	3.62538956302119e-05
P07257	1.02034252916211e-08	3.62437283584395e-05	3.62539317837311e-05	3.62538956302119e-05
P08067	1.02034252916211e-08	3.62437283584395e-05	3.62539317837311e-05	3.62538956302119e-05
P08417	6.65795193128842e-05	1.2715262976302e-05	7.92947822891863e-05	1.2715262976302e-05
P08431	8.34919522115983e-05	0	8.34919522115983e-05	0
P08525	1.02034252916211e-08	3.62437283584395e-05	3.62539317837311e-05	3.62538956302119e-05
P09201	1.62962023452966e-08	0	1.62962023452966e-08	0
P09457	1.26204226006025e-08	2.87441790517721e-05	2.87567994743727e-05	2.87441845751911e-05
P09624	1.09084783046328e-07	1.65230992124078e-05	1.66321839954542e-05	1.65234658371597e-05
P0CX10	7.93529123542009e-05	0	7.93529123542009e-05	0
P0CX11	7.93529123542009e-05	0	7.93529123542009e-05	0
P10174	4.58243858194335e-07	1.1042642936933e-05	1.15008867951274e-05	1.15008753260946e-05
P10963	1.83200855398219e-08	0	1.83200855398219e-08	0
P11154	2.23933174772032e-06	0	2.23933174772032e-06	2.23906344040261e-06
P11412	4.1882201455112e-09	3.07416963088804e-07	3.11605183234315e-07	3.08014494678983e-07
P12695	7.91524249499714e-09	1.19892374887497e-06	1.20683899136996e-06	1.19895035133715e-06
P12709	5.77338137061224e-05	6.87910029837283e-07	5.84217237359596e-05	6.91227092199061e-07
P14540	8.93409037164861e-05	1.61099166410203e-05	0.000105450820357506	1.61332211304338e-05
P15019	9.55535748375103e-05	1.80943117549246e-06	9.73630060130027e-05	1.81297160611293e-06
P16387	1.09084783046328e-07	1.65230992124078e-05	1.66321839954542e-05	1.65234658371597e-05
P16451	7.91524249499714e-09	1.19892374887497e-06	1.20683899136996e-06	1.19895035133715e-06
P16467	5.77635337134017e-07	0	5.77635337134017e-07	0
P16861	8.18481879032609e-07	0	8.18481879032609e-07	0
P16862	6.56360485529259e-07	8.15533163291524e-07	1.47189364882078e-06	1.46871246943737e-06
P17505	9.92656676906028e-05	2.87352213999109e-06	0.000102139189830594	2.87360233915546e-06
P17709	2.88025243635344e-06	0	2.88025243635344e-06	0
P19414	4.14588291069523e-05	3.84441567666333e-06	4.53032447836157e-05	3.8496941252618e-06
P19516	2.63695229594492e-05	0	2.63695229594492e-05	0
P20967	1.90669475401555e-07	1.90973782888797e-05	1.92880477642812e-05	1.92874388809292e-05
P21306	1.26204226006025e-08	2.87441790517721e-05	2.87567994743727e-05	2.87441845751911e-05
P21801	4.02843244882973e-09	2.46651136091361e-06	2.47053979336244e-06	2.46996052500007e-06
P21826	5.20825120574832e-07	0	5.20825120574832e-07	0
P21954	1.89307550577254e-07	1.93180693374413e-05	1.95073768880185e-05	1.95067723538333e-05
P22289	1.02034252916211e-08	3.62437283584395e-05	3.62539317837311e-05	3.62538956302119e-05
P23254	4.95138700087055e-05	0	4.95138700087055e-05	1.56608197040204e-06
P26263	5.77635337134017e-07	0	5.77635337134017e-07	0
P28240	3.44272614501255e-07	4.13291197243964e-07	7.57563811745219e-07	4.14510775960886e-07
P30902	1.26204226006025e-08	2.87441790517721e-05	2.87567994743727e-05	2.87441845751911e-05
P30952	5.20825120574832e-07	0	5.20825120574832e-07	2.84976158473109e-07
P32327	2.23933174772032e-06	0	2.23933174772032e-06	0
P32340	2.20134325435796e-06	4.69270985516616e-06	6.89405310952413e-06	6.89253235238158e-06
P32473	1.09084783046328e-07	1.65230992124078e-05	1.66321839954542e-05	1.65234658371597e-05
P32799	4.58243858194335e-07	1.1042642936933e-05	1.15008867951274e-05	1.15008753260946e-05
P33315	4.87063096553248e-05	0	4.87063096553248e-05	0
P33401	5.60722495235059e-05	0	5.60722495235059e-05	0
P33421	4.02843244882973e-09	2.46651136091361e-06	2.47053979336244e-06	2.46996052500007e-06
P37012	5.60930474070687e-05	0	5.60930474070687e-05	0
P37298	4.02843244882973e-09	2.46651136091361e-06	2.47053979336244e-06	2.46996052500007e-06
P37299	1.02034252916211e-08	3.62437283584395e-05	3.62539317837311e-05	3.62538956302119e-05
P38077	1.26204226006025e-08	2.87441790517721e-05	2.87567994743727e-05	2.87441845751911e-05
P38113	9.39975283126407e-05	0	9.39975283126407e-05	0
P38720	5.32528706909812e-06	0	5.32528706909812e-06	5.26286432959782e-06
P38824	2.63695229594492e-05	0	2.63695229594492e-05	0
P38858	1.97183759950684e-05	0	1.97183759950684e-05	1.94911572232861e-05
P40047	1.00296048972062e-07	0	1.00296048972062e-07	0
P40106	1.11275627833506e-08	0	1.11275627833506e-08	0
P40215	2.20134325435792e-06	0	2.20134325435792e-06	0
P41277	1.11275627833506e-08	0	1.11275627833506e-08	0
P41911	1.09896991736454e-09	0	1.09896991736454e-09	0
P42222	7.93779029146499e-05	0	7.93779029146499e-05	4.58152242890464e-06
P43635	3.90508281459225e-06	0	3.90508281459225e-06	0
P46367	1.00296048972062e-07	0	1.00296048972062e-07	0
P46969	0.000136282694280065	9.49846496013775e-07	0.000137232540776079	9.52067453372163e-07
P47052	3.24416977286089e-06	0	3.24416977286089e-06	0
P47081	2.63695229594492e-05	0	2.63695229594492e-05	0
P47771	1.43324328512606e-07	0	1.43324328512606e-07	0
P52489	4.21842316758256e-06	0	4.21842316758256e-06	0
P52910	5.73932546511394e-07	0	5.73932546511394e-07	5.61797447115385e-07
P53239	2.63695229594492e-05	0	2.63695229594492e-05	0
P53312	2.63716019176951e-08	2.64136908566679e-06	2.66774068758449e-06	2.6676564725871e-06
P53315	1.9718375995068e-05	0	1.9718375995068e-05	0
P53319	5.32528706909812e-06	0	5.32528706909812e-06	0
P53598	2.63716019176951e-08	2.64136908566679e-06	2.66774068758449e-06	2.6676564725871e-06
P54115	2.40936882552989e-07	1.38694452209751e-06	1.6278814046505e-06	1.59350704189903e-06
P61829	1.26205033718212e-08	2.87443630156954e-05	2.87569835190672e-05	2.87443685391498e-05
P81449	1.26204226006025e-08	2.87441790517721e-05	2.87567994743727e-05	2.87441845751911e-05
P81450	1.26204226006025e-08	2.87441790517721e-05	2.87567994743727e-05	2.87441845751911e-05
P81451	1.26204226006025e-08	2.87441790517721e-05	2.87567994743727e-05	2.87441845751911e-05
Q00055	1.09896991736454e-09	0	1.09896991736454e-09	0
Q00711	2.47053979336244e-06	0	2.47053979336244e-06	2.46996052500007e-06
Q01519	4.58243858194335e-07	1.1042642936933e-05	1.15008867951274e-05	1.15008753260946e-05
Q01574	5.739325465114e-07	0	5.739325465114e-07	0
Q04458	2.30622030414609e-07	0	2.30622030414609e-07	0
Q04935	2.63695229594492e-05	0	2.63695229594492e-05	0
Q06204	1.26675278690527e-05	0	1.26675278690527e-05	0
Q06405	1.26204226006025e-08	2.87441790517721e-05	2.87567994743727e-05	2.87441845751911e-05
Q07500	2.20134325435792e-06	0	2.20134325435792e-06	0
Q12055	0.000156437471759097	0	0.000156437471759097	7.01128822985711e-07
Q12165	1.26204226006025e-08	2.87441790517721e-05	2.87567994743727e-05	2.87441845751911e-05
Q12189	0.000125245165372003	8.68568399057622e-06	0.000133930849362579	8.69881308746044e-06
Q12233	1.26204226006025e-08	2.87441790517721e-05	2.87567994743727e-05	2.87441845751911e-05
Q12349	1.26204226006025e-08	2.87441790517721e-05	2.87567994743727e-05	2.87441845751911e-05
Q3E731	2.63695229594492e-05	0	2.63695229594492e-05	0
