enzymes	ranges	minU	maxU	pU
P00127	2.22217549299883e-09	7.99812963978906e-06	8.00035181528206e-06	8.00034250726365e-06
P00128	2.22217549299883e-09	7.99812963978906e-06	8.00035181528206e-06	8.00034250726365e-06
P00163	2.22217549299883e-09	7.99812963978906e-06	8.00035181528206e-06	8.00034250726365e-06
P00330	0.000617283950617284	0	0.000617283950617284	0
P00358	0.000822005523525664	0	0.000822005523525664	0
P00359	0.000824307377225346	0	0.000824307377225346	9.46281703799004e-06
P00360	0.000824231286462237	0	0.000824231286462237	0
P00401	7.04943919913022e-10	2.53725814095687e-06	2.53796308487679e-06	2.53796013208075e-06
P00410	7.04943919913022e-10	2.53725814095687e-06	2.53796308487679e-06	2.53796013208075e-06
P00420	7.04943919913022e-10	2.53725814095687e-06	2.53796308487679e-06	2.53796013208075e-06
P00425	2.53796308487679e-06	0	2.53796308487679e-06	2.53796013208075e-06
P00427	2.53796308487679e-06	0	2.53796308487679e-06	2.53796013208075e-06
P00549	9.24159651589384e-07	0	9.24159651589384e-07	9.23093574373293e-07
P00560	0.000651074187891048	4.29357382228929e-07	0.000651503545273277	4.29664737757786e-07
P00830	2.7485841764531e-09	6.34335798174327e-06	6.34610656591972e-06	6.34335940380164e-06
P00854	2.74856658551426e-09	6.34331738425219e-06	6.3460659508377e-06	6.34331880630145e-06
P00856	2.74856658551426e-09	6.34331738425219e-06	6.3460659508377e-06	6.34331880630145e-06
P00890	8.65742907203806e-07	0	8.65742907203806e-07	8.6554687641456e-07
P00924	0.00062319211629269	0	0.00062319211629269	0
P00925	0.000621888975704583	0	0.000621888975704583	0
P00942	6.41070294288128e-05	1.31840189590051e-08	6.41202134477718e-05	1.32030616963601e-08
P00950	0.000963706047467832	4.00062685837267e-07	0.000964106110153669	4.00349070754521e-07
P04037	2.53796308487679e-06	0	2.53796308487679e-06	2.53796013208075e-06
P04039	5.07592616975358e-06	0	5.07592616975358e-06	5.07592026416151e-06
P04385	0	0	0	0
P04397	0.000372504331057369	0	0.000372504331057369	0
P04806	6.27282133148758e-07	0	6.27282133148758e-07	6.27282133148758e-07
P04807	1.35655331083473e-06	0	1.35655331083473e-06	0
P05626	2.74856658551426e-09	6.34331738425219e-06	6.3460659508377e-06	6.34331880630145e-06
P06169	1.24613673396683e-07	0	1.24613673396683e-07	1.21957881782364e-07
P07143	2.22217549299883e-09	7.99812963978906e-06	8.00035181528206e-06	8.00034250726365e-06
P07170	0.00120105523934843	0	0.00120105523934843	0
P07251	2.7485841764531e-09	6.34335798174327e-06	6.34610656591972e-06	6.34335940380164e-06
P07255	7.04943919913022e-10	2.53725814095687e-06	2.53796308487679e-06	2.53796013208075e-06
P07256	2.22217549299883e-09	7.99812963978906e-06	8.00035181528206e-06	8.00034250726365e-06
P07257	2.22217549299883e-09	7.99812963978906e-06	8.00035181528206e-06	8.00034250726365e-06
P08067	2.22217549299883e-09	7.99812963978906e-06	8.00035181528206e-06	8.00034250726365e-06
P08417	0.000509802532856099	2.68501967023334e-05	0.000536652729558432	2.68501967023334e-05
P08431	0.000687221524832454	0	0.000687221524832454	0
P08525	2.22217549299883e-09	7.99812963978906e-06	8.00035181528206e-06	8.00034250726365e-06
P09201	3.5491043885506e-09	0	3.5491043885506e-09	0
P09457	2.74856658551426e-09	6.34331738425219e-06	6.3460659508377e-06	6.34331880630145e-06
P09624	2.37572701928087e-08	3.64319396602887e-06	3.66695123622168e-06	3.64328835656165e-06
P0CX10	0.000616456804653403	0	0.000616456804653403	0
P0CX11	0.000616456804653403	0	0.000616456804653403	0
P10174	2.53796308487679e-06	0	2.53796308487679e-06	2.53796013208075e-06
P10963	3.98988025615942e-09	0	3.98988025615942e-09	0
P11154	4.83152210988461e-07	0	4.83152210988461e-07	4.83083133080408e-07
P11412	9.12140766516199e-10	6.63043624659545e-08	6.72165032324707e-08	6.64344660374474e-08
P12695	1.72383855331622e-09	2.64351845345694e-07	2.6607568389901e-07	2.64358694366569e-07
P12709	0.000475179938703234	1.50786270336678e-07	0.000475330724973571	1.51508712872464e-07
P14540	0.000735177490490039	3.52565535400401e-06	0.000738703145844043	3.53073097592213e-06
P15019	0.000786472227164164	3.90262021240225e-07	0.000786862489185404	3.91032897083303e-07
P16387	2.37572701928087e-08	3.64319396602887e-06	3.66695123622168e-06	3.64328835656165e-06
P16451	1.72383855331622e-09	2.64351845345694e-07	2.6607568389901e-07	2.64358694366569e-07
P16467	1.24613673396683e-07	0	1.24613673396683e-07	0
P16861	1.7912163026729e-07	0	1.7912163026729e-07	0
P16862	1.43638860467194e-07	1.78479437702697e-07	3.22118298169891e-07	3.21425496411464e-07
P17505	0.000817054838302986	6.37145465559887e-07	0.000817691983768546	6.37166113488934e-07
P17709	6.27282133148758e-07	0	6.27282133148758e-07	0
P19414	0.000341204914377072	8.52317319578129e-07	0.00034205723169665	8.53466668788397e-07
P19516	0.000146672177905558	0	0.000146672177905558	0
P20967	4.15253724503806e-08	4.23826810289733e-06	4.27979347534771e-06	4.27963671336194e-06
P21306	2.74856658551426e-09	6.34331738425219e-06	6.3460659508377e-06	6.34331880630145e-06
P21801	8.77341050418718e-10	5.47106532503629e-07	5.47983873554048e-07	5.4785756643811e-07
P21826	1.12335592519108e-07	0	1.12335592519108e-07	0
P21954	4.12287626471642e-08	4.28501652064449e-06	4.32624528329165e-06	4.32608964103435e-06
P22289	2.22217549299883e-09	7.99812963978906e-06	8.00035181528206e-06	8.00034250726365e-06
P23254	0.000394995565812399	0	0.000394995565812399	3.3778218514248e-07
P26263	1.24613673396683e-07	0	1.24613673396683e-07	0
P28240	7.49791183634385e-08	8.84181071189005e-08	1.63397225482339e-07	8.8732097607237e-08
P30902	2.74856658551426e-09	6.34331738425219e-06	6.3460659508377e-06	6.34331880630145e-06
P30952	1.12335592519108e-07	0	1.12335592519108e-07	6.10033171049754e-08
P32327	4.83152210988461e-07	0	4.83152210988461e-07	0
P32340	4.81447566535078e-07	1.03866890767088e-06	1.52011647420596e-06	1.51978502295825e-06
P32473	2.37572701928087e-08	3.64319396602887e-06	3.66695123622168e-06	3.64328835656165e-06
P32799	2.53796308487679e-06	0	2.53796308487679e-06	2.53796013208075e-06
P33315	0.000388553274820901	0	0.000388553274820901	0
P33401	0.000461530193001962	0	0.000461530193001962	0
P33421	8.77341050418718e-10	5.47106532503629e-07	5.47983873554048e-07	5.4785756643811e-07
P37012	0.000461701380198773	0	0.000461701380198773	0
P37298	8.77341050418718e-10	5.47106532503629e-07	5.47983873554048e-07	5.4785756643811e-07
P37299	2.22217549299883e-09	7.99812963978906e-06	8.00035181528206e-06	8.00034250726365e-06
P38077	2.74856658551426e-09	6.34331738425219e-06	6.3460659508377e-06	6.34331880630145e-06
P38113	0.000773692829385304	0	0.000773692829385304	0
P38720	1.14872244587933e-06	0	1.14872244587933e-06	1.13512703002738e-06
P38824	0.000146672177905558	0	0.000146672177905558	0
P38858	4.25346032455138e-06	0	4.25346032455138e-06	4.20397301084967e-06
P40047	2.18431963484011e-08	0	2.18431963484011e-08	0
P40106	2.42344081594131e-09	0	2.42344081594131e-09	0
P40215	4.81447566535081e-07	0	4.81447566535081e-07	0
P41277	2.42344081594131e-09	0	2.42344081594131e-09	0
P41911	2.39341588547832e-10	0	2.39341588547832e-10	0
P42222	0.000616650944989074	0	0.000616650944989074	1.00258886125489e-06
P43635	8.65742907203806e-07	0	8.65742907203806e-07	0
P46367	2.18431963484011e-08	0	2.18431963484011e-08	0
P46969	0.00112172383843151	2.04864179866115e-07	0.00112192870261137	2.05347760130671e-07
P47052	7.19580685717124e-07	0	7.19580685717124e-07	0
P47081	0.000146672177905558	0	0.000146672177905558	0
P47771	3.12142051585545e-08	0	3.12142051585545e-08	0
P52489	9.24159651589384e-07	0	9.24159651589384e-07	0
P52910	1.23814867797877e-07	0	1.23814867797877e-07	1.21171998397436e-07
P53239	0.000146672177905558	0	0.000146672177905558	0
P53312	5.74339751782066e-09	5.86197234741867e-07	5.91940632259688e-07	5.91918950421649e-07
P53315	4.25346032455138e-06	0	4.25346032455138e-06	0
P53319	1.14872244587933e-06	0	1.14872244587933e-06	0
P53598	5.74339751782066e-09	5.86197234741867e-07	5.91940632259688e-07	5.91918950421649e-07
P54115	5.24729706413124e-08	2.98711018021769e-07	3.51183988663081e-07	3.43699485023025e-07
P61829	2.7485841764531e-09	6.34335798174327e-06	6.34610656591972e-06	6.34335940380164e-06
P81449	2.74856658551426e-09	6.34331738425219e-06	6.3460659508377e-06	6.34331880630145e-06
P81450	2.74856658551426e-09	6.34331738425219e-06	6.3460659508377e-06	6.34331880630145e-06
P81451	2.74856658551426e-09	6.34331738425219e-06	6.3460659508377e-06	6.34331880630145e-06
Q00055	2.39341588547832e-10	0	2.39341588547832e-10	0
Q00711	5.47983873554024e-07	0	5.47983873554024e-07	5.4785756643811e-07
Q01519	2.53796308487679e-06	0	2.53796308487679e-06	2.53796013208075e-06
Q01574	1.23814867797877e-07	0	1.23814867797877e-07	0
Q04458	5.02265278069888e-08	0	5.02265278069888e-08	0
Q04935	0.000146672177905558	0	0.000146672177905558	0
Q06204	2.75882551235021e-06	0	2.75882551235021e-06	0
Q06405	2.74856658551426e-09	6.34331738425219e-06	6.3460659508377e-06	6.34331880630145e-06
Q07500	4.81447566535081e-07	0	4.81447566535081e-07	0
Q12055	0.0012820156937847	0	0.0012820156937847	1.51223863781232e-07
Q12165	2.74856658551426e-09	6.34331738425219e-06	6.3460659508377e-06	6.34331880630145e-06
Q12189	0.00103078651093553	1.87335520189083e-06	0.00103265986613742	1.87621386647558e-06
Q12233	2.74856658551426e-09	6.34331738425219e-06	6.3460659508377e-06	6.34331880630145e-06
Q12349	2.74856658551426e-09	6.34331738425219e-06	6.3460659508377e-06	6.34331880630145e-06
Q3E731	0.000146672177905558	0	0.000146672177905558	0
