enzymes	ranges	minU	maxU	pU
P00127	1.35138576852069e-05	2.03115940933912e-05	3.38254517785981e-05	2.12496459666894e-05
P00128	1.35138576852069e-05	2.03115940933912e-05	3.38254517785981e-05	2.12496459666894e-05
P00163	1.35138576852069e-05	2.03115940933912e-05	3.38254517785981e-05	2.12496459666894e-05
P00330	0.000444331126211791	0	0.000444331126211791	4.02923043857412e-07
P00358	0.000503183490521689	0	0.000503183490521689	0
P00359	0.000504592550127892	0	0.000504592550127892	4.69732187642462e-05
P00360	0.000504545971832879	0	0.000504545971832879	0
P00401	4.28702046250256e-06	6.44347613633174e-06	1.07304965988343e-05	6.74105567796924e-06
P00410	4.28702046250256e-06	6.44347613633174e-06	1.07304965988343e-05	6.74105567796924e-06
P00420	4.28702046250256e-06	6.44347613633174e-06	1.07304965988343e-05	6.74105567796924e-06
P00425	5.38563102296355e-06	5.34486557587075e-06	1.07304965988343e-05	6.74105567796924e-06
P00427	5.38563102296354e-06	5.34486557587075e-06	1.07304965988343e-05	6.74105567796924e-06
P00549	8.74434245663002e-06	0	8.74434245663002e-06	4.72487969573505e-06
P00560	0.000366433707088575	1.35372792494051e-06	0.000367787435013515	2.14270941537271e-06
P00830	1.12391061675381e-05	1.69375719237048e-05	2.81766780912429e-05	1.69376986190645e-05
P00854	1.12390342372586e-05	1.69374635232445e-05	2.81764977605031e-05	1.69375902177933e-05
P00856	1.12390342372586e-05	1.69374635232445e-05	2.81764977605031e-05	1.69375902177933e-05
P00890	4.19441789407137e-06	0	4.19441789407137e-06	2.01834388681869e-06
P00924	0.000354470147582046	0	0.000354470147582046	0
P00925	0.000353728924411037	0	0.000353728924411037	0
P00942	6.40545609405151e-05	3.94182631078599e-08	6.4093979203623e-05	6.73004924521297e-08
P00950	0.000570874793718826	1.26136419672843e-06	0.000572136157915554	1.99651413755301e-06
P04037	5.38563102296354e-06	5.34486557587075e-06	1.07304965988343e-05	6.74105567796924e-06
P04039	1.07712620459271e-05	1.06897311517415e-05	2.14609931976686e-05	1.34821113559385e-05
P04385	0	0	0	0
P04397	0.000209199351128577	0	0.000209199351128577	0
P04806	9.95544787552121e-06	0	9.95544787552121e-06	2.73406359304954e-06
P04807	4.99281498126685e-06	0	4.99281498126685e-06	0
P05626	1.12390342372586e-05	1.69374635232445e-05	2.81764977605031e-05	1.69375902177933e-05
P06169	7.24884984351247e-05	0	7.24884984351247e-05	8.38389341491323e-06
P07143	1.35138576852069e-05	2.03115940933912e-05	3.38254517785981e-05	2.12496459666894e-05
P07170	0.000674899727467146	0	0.000674899727467146	0
P07251	1.12391061675381e-05	1.69375719237048e-05	2.81766780912429e-05	1.69376986190645e-05
P07255	4.28702046250256e-06	6.44347613633174e-06	1.07304965988343e-05	6.74105567796924e-06
P07256	1.35138576852069e-05	2.03115940933912e-05	3.38254517785981e-05	2.12496459666894e-05
P07257	1.35138576852069e-05	2.03115940933912e-05	3.38254517785981e-05	2.12496459666894e-05
P08067	1.35138576852069e-05	2.03115940933912e-05	3.38254517785981e-05	2.12496459666894e-05
P08417	0.000307766821859492	2.68727810771768e-07	0.000308035549670263	2.68727810771768e-07
P08431	0.000385945303423599	0	0.000385945303423599	0
P08525	1.35138576852069e-05	2.03115940933912e-05	3.38254517785981e-05	2.12496459666894e-05
P09201	2.39846815357406e-05	0	2.39846815357406e-05	0
P09457	1.12390342372586e-05	1.69374635232445e-05	2.81764977605031e-05	1.69375902177933e-05
P09624	1.59385023145552e-05	0	1.59385023145552e-05	9.06893358310877e-06
P0CX10	0.000350639118837665	0	0.000350639118837665	0
P0CX11	0.000350639118837665	0	0.000350639118837665	0
P10174	5.38563102296355e-06	5.34486557587075e-06	1.07304965988343e-05	6.74105567796924e-06
P10963	3.59137960395088e-05	0	3.59137960395088e-05	0
P11154	3.87564686440415e-05	0	3.87564686440415e-05	1.64505260505096e-06
P11412	4.85394614484475e-07	3.72980777531606e-09	4.89124422259791e-07	1.12812221628121e-07
P12695	1.1564859883146e-06	0	1.1564859883146e-06	6.58046030589342e-07
P12709	0.00025723766960948	4.60240650583637e-07	0.000257697910260063	8.64928175736253e-07
P14540	0.000419792396269534	1.10585996858274e-05	0.000430850995955361	1.79761608338856e-05
P15019	0.000442330707541356	1.35975791406367e-08	0.000442344305120497	6.59921094927669e-07
P16387	1.59385023145552e-05	0	1.59385023145552e-05	9.06893358310877e-06
P16451	1.1564859883146e-06	0	1.1564859883146e-06	6.58046030589342e-07
P16467	7.24884984351247e-05	0	7.24884984351247e-05	0
P16861	2.54405662616508e-06	0	2.54405662616508e-06	0
P16862	4.01521192525468e-06	5.59820077553569e-07	4.57503200280825e-06	1.63648730503885e-06
P17505	0.00045886001251117	1.46227965977935e-06	0.00046032229217095	1.46227965977935e-06
P17709	9.95302786036652e-06	0	9.95302786036652e-06	0
P19414	0.000191620875205502	1.99017439781912e-06	0.000193611049603321	1.99017439781912e-06
P19516	0.000117392057291417	0	0.000117392057291417	0
P20967	1.1054368209964e-05	9.7508840679885e-06	2.08052522779525e-05	1.0004794393841e-05
P21306	1.12390342372586e-05	1.69374635232445e-05	2.81764977605031e-05	1.69375902177933e-05
P21801	1.40171156740037e-06	1.2682776294974e-06	2.66998919689777e-06	1.2682776294974e-06
P21826	7.58637366344755e-07	0	7.58637366344755e-07	0
P21954	1.10215369279781e-05	9.93333157674215e-06	2.09548685047202e-05	1.018542825741e-05
P22289	1.35138576852069e-05	2.03115940933912e-05	3.38254517785981e-05	2.12496459666894e-05
P23254	0.000222106723235513	0	0.000222106723235513	4.65861842274638e-07
P26263	7.24884984351247e-05	0	7.24884984351247e-05	0
P28240	1.10356089176736e-06	0	1.10356089176736e-06	0
P30902	1.12390342372586e-05	1.69374635232445e-05	2.81764977605031e-05	1.69375902177933e-05
P30952	7.58637418148746e-07	0	7.58637418148746e-07	0
P32327	3.87505242555384e-05	0	3.87505242555384e-05	0
P32340	4.18947056578147e-06	2.48306573598945e-06	6.67253630177092e-06	4.11865554437411e-06
P32473	1.59385023145552e-05	0	1.59385023145552e-05	9.06893358310877e-06
P32799	5.38563102296354e-06	5.34486557587075e-06	1.07304965988343e-05	6.74105567796924e-06
P33315	0.000218484211323744	0	0.000218484211323744	0
P33401	0.000249580548336863	0	0.000249580548336863	0
P33421	1.40171156740037e-06	1.2682776294974e-06	2.66998919689777e-06	1.2682776294974e-06
P37012	0.000259292633936856	0	0.000259292633936856	0
P37298	1.40171156740037e-06	1.2682776294974e-06	2.66998919689777e-06	1.2682776294974e-06
P37299	1.35138576852069e-05	2.03115940933912e-05	3.38254517785981e-05	2.12496459666894e-05
P38077	1.12390342372586e-05	1.69374635232445e-05	2.81764977605031e-05	1.69375902177933e-05
P38113	0.000434902208120582	0	0.000434902208120582	0
P38720	4.67515665401544e-06	0	4.67515665401544e-06	1.89635581005646e-06
P38824	0.000117392057291417	0	0.000117392057291417	0
P38858	3.09690137697944e-05	0	3.09690137697944e-05	7.13875738462751e-06
P40047	1.79737000110436e-05	0	1.79737000110436e-05	0
P40106	4.10692951015532e-06	0	4.10692951015532e-06	0
P40215	3.16343864213536e-06	0	3.16343864213536e-06	0
P41277	4.10692951015532e-06	0	4.10692951015532e-06	0
P41911	4.05604719764012e-07	0	4.05604719764012e-07	0
P42222	0.000350749545384532	0	0.000350749545384532	4.99984384096625e-06
P43635	4.19441789407137e-06	0	4.19441789407137e-06	0
P46367	1.79736642715195e-05	0	1.79736642715195e-05	0
P46969	0.000630245860656829	0	0.000630245860656829	2.83211164025992e-07
P47052	3.50607517827183e-06	0	3.50607517827183e-06	0
P47081	0.000117392057291417	0	0.000117392057291417	0
P47771	2.5647934294131e-05	0	2.5647934294131e-05	0
P52489	2.40758912230821e-05	0	2.40758912230821e-05	0
P52910	1.13746882166904e-05	0	1.13746882166904e-05	3.96602960705128e-07
P53239	0.000117392057291417	0	0.000117392057291417	0
P53312	1.52893585756632e-06	1.34865023593857e-06	2.87758609350488e-06	1.38376871529701e-06
P53315	1.72896691378701e-05	0	1.72896691378701e-05	0
P53319	8.37238274126494e-06	0	8.37238274126494e-06	0
P53598	1.52893585756632e-06	1.34865023593857e-06	2.87758609350488e-06	1.38376871529701e-06
P54115	2.6197950505568e-05	0	2.6197950505568e-05	7.14412055695226e-06
P61829	1.12391061675381e-05	1.69375719237048e-05	2.81766780912429e-05	1.69376986190645e-05
P81449	1.12390342372586e-05	1.69374635232445e-05	2.81764977605031e-05	1.69375902177933e-05
P81450	1.12390342372586e-05	1.69374635232445e-05	2.81764977605031e-05	1.69375902177933e-05
P81451	1.12390342372586e-05	1.69374635232445e-05	2.81764977605031e-05	1.69375902177933e-05
Q00055	4.05604719764012e-07	0	4.05604719764012e-07	0
Q00711	2.66998919689777e-06	0	2.66998919689777e-06	1.2682776294974e-06
Q01519	5.38563102296354e-06	5.34486557587075e-06	1.07304965988343e-05	6.74105567796924e-06
Q01574	1.20873664430142e-05	0	1.20873664430142e-05	0
Q04458	4.11146201188141e-05	0	4.11146201188141e-05	0
Q04935	0.000117392057291417	0	0.000117392057291417	0
Q06204	4.2762730540129e-05	0	4.2762730540129e-05	0
Q06405	1.12390342372586e-05	1.69374635232445e-05	2.81764977605031e-05	1.69375902177933e-05
Q07500	4.04685632647435e-06	0	4.04685632647435e-06	0
Q12055	0.00069368566388749	0	0.00069368566388749	4.94964454643961e-07
Q12165	1.12390342372586e-05	1.69374635232445e-05	2.81764977605031e-05	1.69375902177933e-05
Q12189	0.000581287700140936	1.44518408407153e-06	0.000582732884225007	3.84196712178177e-06
Q12233	1.12390342372586e-05	1.69374635232445e-05	2.81764977605031e-05	1.69375902177933e-05
Q12349	1.12390342372586e-05	1.69374635232445e-05	2.81764977605031e-05	1.69375902177933e-05
Q3E731	0.000117392057291417	0	0.000117392057291417	0
