enzymes	ranges	minU	maxU	pU
P00127	4.50578019465148e-10	2.60544120655769e-05	2.60548626435964e-05	2.60544873433883e-05
P00128	4.50578019465148e-10	2.60544120655769e-05	2.60548626435964e-05	2.60544873433883e-05
P00163	4.50578019465148e-10	2.60544120655769e-05	2.60548626435964e-05	2.60544873433883e-05
P00330	4.57311977523116e-09	3.39087242565483e-06	3.39544554543007e-06	3.39228083878758e-06
P00358	1.16533441827614e-06	0	1.16533441827614e-06	0
P00359	3.53517406457551e-05	0.000128041969838619	0.000163393710484374	0.000163390447210264
P00360	3.53484773548169e-05	8.60095086639876e-06	4.39494282212156e-05	8.60095086639876e-06
P00401	1.42937511582079e-10	8.26527852116355e-06	8.26542145867513e-06	8.26530240165165e-06
P00410	1.42937511582079e-10	8.26527852116355e-06	8.26542145867513e-06	8.26530240165165e-06
P00420	1.42937511582079e-10	8.26527852116355e-06	8.26542145867513e-06	8.26530240165165e-06
P00425	1.42937511582079e-10	8.26527852116355e-06	8.26542145867513e-06	8.26530240165165e-06
P00427	1.42937511582079e-10	8.26527852116355e-06	8.26542145867513e-06	8.26530240165165e-06
P00549	1.79289573323066e-07	1.74534914806738e-05	1.76327810539968e-05	1.7632732377002e-05
P00560	2.60740837800239e-09	7.87754027842204e-06	7.88014768680004e-06	7.87754027842204e-06
P00830	3.00072667265523e-10	2.07281420240153e-05	2.07284420966825e-05	2.07281878173752e-05
P00854	3.00070746801274e-10	2.07280093639063e-05	2.07283094346531e-05	2.07280551569732e-05
P00856	3.00070746801274e-10	2.07280093639063e-05	2.07283094346531e-05	2.07280551569732e-05
P00890	2.58548181194642e-07	1.67877972588e-06	1.93732790707464e-06	1.93724919700169e-06
P00924	3.62144572913718e-09	2.39441498191079e-09	6.01586071104796e-09	2.39441498191079e-09
P00925	3.6104499081033e-09	2.3871448029506e-09	5.9975947110539e-09	2.3871448029506e-09
P00942	4.35340697685782e-09	2.47749805634806e-07	2.52103212611663e-07	2.47749805634806e-07
P00950	4.29009793936131e-09	7.33919252668685e-06	7.34348262462621e-06	7.33925744686166e-06
P04037	1.42937511582079e-10	8.26527852116355e-06	8.26542145867513e-06	8.26530240165165e-06
P04039	2.85875023164157e-10	1.65305570423271e-05	1.65308429173503e-05	1.65306048033033e-05
P04385	0	0	0	0
P04397	1.49179830805153e-09	0	1.49179830805153e-09	0
P04806	7.11670888497954e-08	8.91439410655708e-06	8.98556119540688e-06	8.98556119540688e-06
P04807	4.00954498735747e-09	2.65101710818239e-09	6.66056209553986e-09	2.65101710818239e-09
P05626	3.00070746801274e-10	2.07280093639063e-05	2.07283094346531e-05	2.07280551569732e-05
P06169	1.37409218611811e-06	5.04713775318939e-05	5.1845469718012e-05	5.18453602665403e-05
P07143	4.50578019465148e-10	2.60544120655769e-05	2.60548626435964e-05	2.60544873433883e-05
P07170	7.61571948393073e-08	0	7.61571948393073e-08	0
P07251	3.00072667265523e-10	2.07281420240153e-05	2.07284420966825e-05	2.07281878173752e-05
P07255	1.42937511582079e-10	8.26527852116355e-06	8.26542145867513e-06	8.26530240165165e-06
P07256	4.50578019465148e-10	2.60544120655769e-05	2.60548626435964e-05	2.60544873433883e-05
P07257	4.50578019465148e-10	2.60544120655769e-05	2.60548626435964e-05	2.60544873433883e-05
P08067	4.50578019465148e-10	2.60544120655769e-05	2.60548626435964e-05	2.60544873433883e-05
P08417	2.2032825862747e-09	2.64563730248262e-07	2.66767012834537e-07	2.64571513287248e-07
P08431	2.7521717803654e-09	0	2.7521717803654e-09	0
P08525	4.50578019465148e-10	2.60544120655769e-05	2.60548626435964e-05	2.60544873433883e-05
P09201	2.14995438396184e-10	0	2.14995438396184e-10	0
P09457	3.00070746801274e-10	2.07280093639063e-05	2.07283094346531e-05	2.07280551569732e-05
P09624	1.48530488336892e-09	1.14232647708341e-05	1.14247500757175e-05	1.14239618486529e-05
P0CX10	7.82885740120962e-06	9.20322432822205e-07	8.74917983403182e-06	9.20322432822205e-07
P0CX11	7.82885740120962e-06	9.20322432822205e-07	8.74917983403182e-06	9.20322432822205e-07
P10174	4.98299460726745e-10	8.26492315921441e-06	8.26542145867513e-06	8.26492315921441e-06
P10963	1.82146174481425e-10	0	1.82146174481425e-10	0
P11154	1.71562903073796e-06	1.4526007142695e-06	3.16822974500746e-06	3.16769189653053e-06
P11412	6.36353117189963e-11	3.09227515953873e-07	3.09291151265592e-07	3.09235472395049e-07
P12695	1.07763759106378e-10	8.28877394451228e-07	8.28985158210335e-07	8.28927974741342e-07
P12709	1.9029887504053e-09	3.07617833160443e-06	3.07808132035484e-06	3.07617833160443e-06
P14540	3.51949723130431e-09	6.53510805733938e-05	6.53546000706251e-05	6.53516558660198e-05
P15019	3.19678868609692e-09	1.81496380145703e-06	1.81816059014313e-06	1.81501094411598e-06
P16387	1.48530488336892e-09	1.14232647708341e-05	1.14247500757175e-05	1.14239618486529e-05
P16451	1.07774411815816e-10	8.28877394451228e-07	8.28985168863044e-07	8.28927974741342e-07
P16467	2.79937545707735e-07	0	2.79937545707735e-07	0
P16861	4.77076728860044e-09	0	4.77076728860044e-09	0
P16862	3.85058196593124e-09	5.94557937318376e-06	5.94942995514969e-06	5.94938797979659e-06
P17505	3.27212578224491e-09	1.4398659619149e-06	1.44313808769715e-06	1.4398659619149e-06
P17709	7.11670888497941e-08	4.70540100345133e-08	1.18221098884307e-07	4.70540100345133e-08
P19414	1.36644638702771e-09	2.01102629121569e-06	2.01239273760272e-06	2.01102629121569e-06
P19516	8.69226973717766e-10	0	8.69226973717766e-10	0
P20967	2.43487132249778e-09	9.84679721194445e-06	9.84923208326695e-06	9.84807742214791e-06
P21306	3.00070746801274e-10	2.07280093639063e-05	2.07283094346531e-05	2.07280551569732e-05
P21801	8.74472350976999e-11	1.24862499227976e-06	1.24871243951486e-06	1.2486617248167e-06
P21826	4.64412996265447e-09	0	4.64412996265447e-09	0
P21954	2.41747938447985e-09	1.02876073623056e-05	1.029002484169e-05	1.02888784281504e-05
P22289	4.50578019465148e-10	2.60544120655769e-05	2.60548626435964e-05	2.60544873433883e-05
P23254	9.69061495383126e-08	1.34142384426927e-06	1.43832999380758e-06	1.4367494757762e-06
P26263	1.37396908485275e-06	9.08436134855752e-07	2.28240521970851e-06	9.08436134855752e-07
P28240	4.18087850379756e-09	2.57470233243349e-09	6.75558083623104e-09	4.16393307498706e-09
P30902	3.00070746801274e-10	2.07280093639063e-05	2.07283094346531e-05	2.07280551569732e-05
P30952	4.64446182490884e-09	0	4.64446182490884e-09	2.8627039890536e-09
P32327	1.71544081362363e-06	1.66856238414969e-07	1.8822970520386e-06	1.66856238414969e-07
P32340	2.65151829977395e-08	5.14391653797965e-06	5.17043172097739e-06	5.17036291593923e-06
P32473	1.48530488336892e-09	1.14232647708341e-05	1.14247500757175e-05	1.14239618486529e-05
P32799	1.42933063708735e-10	8.26527852561143e-06	8.26542145867513e-06	8.26530240165165e-06
P33315	9.53256315386781e-08	0	9.53256315386781e-08	0
P33401	1.84832739881997e-09	0	1.84832739881997e-09	0
P33421	8.74472350976999e-11	1.24862499227976e-06	1.24871243951486e-06	1.2486617248167e-06
P37012	1.8490129660721e-09	0	1.8490129660721e-09	0
P37298	8.74451731620083e-11	1.24862499227976e-06	1.24871243745292e-06	1.2486617248167e-06
P37299	4.50578019465148e-10	2.60544120655769e-05	2.60548626435964e-05	2.60544873433883e-05
P38077	3.00070746801274e-10	2.07280093639063e-05	2.07283094346531e-05	2.07280551569732e-05
P38113	4.47607599499163e-09	2.95947646964639e-09	7.43555246463801e-09	2.95947646964639e-09
P38720	3.08184114045699e-07	4.73412906001442e-06	5.04231317406012e-06	5.04134521831063e-06
P38824	8.69226973717766e-10	0	8.69226973717766e-10	0
P38858	1.79412947762783e-07	1.9276237033382e-05	1.94556499811447e-05	1.94521266222166e-05
P40047	1.55557706021701e-09	1.13708179344318e-09	2.69265885366019e-09	1.13708179344318e-09
P40106	7.1653832029251e-10	0	7.1653832029251e-10	0
P40215	2.11157930024612e-08	1.39612671015772e-08	3.50770601040384e-08	1.39612671015772e-08
P41277	7.15952968047053e-10	0	7.15952968047053e-10	0
P41911	7.04827826912406e-11	0	7.04827826912406e-11	0
P42222	7.83132293898997e-06	8.70862668040889e-06	1.65399496193989e-05	1.65374840824917e-05
P43635	2.58475460437862e-07	1.01983357172418e-07	3.6045881761028e-07	1.01983357172418e-07
P46367	1.55493839867307e-09	0	1.55493839867307e-09	0
P46969	4.52182838943674e-09	8.73412840695589e-07	8.77934669085026e-07	8.73442412586414e-07
P47052	7.33629993184911e-09	4.85058945810196e-09	1.21868893899511e-08	4.85058945810196e-09
P47081	8.69226973717766e-10	0	8.69226973717766e-10	0
P47771	1.71567953687106e-09	0	1.71567953687106e-09	0
P52489	1.7924089629234e-07	1.18509876844215e-07	2.97750773136556e-07	1.18509876844215e-07
P52910	3.2127269427186e-08	7.51040434594828e-07	7.83167704022014e-07	7.83006338175442e-07
P53239	8.69226973717766e-10	0	8.69226973717766e-10	0
P53312	3.36768416142831e-10	1.36191603659048e-06	1.36225280500662e-06	1.36209310318063e-06
P53315	1.75889588817156e-07	1.16294070942113e-07	2.92183659759269e-07	1.16294070942113e-07
P53319	3.07216158431428e-07	2.03124118642312e-07	5.1034027707374e-07	2.03124118642312e-07
P53598	3.36768416142831e-10	1.36191603659048e-06	1.36225280500662e-06	1.36209310318063e-06
P54115	3.66076593234647e-09	9.85105073276214e-06	9.85471149869448e-06	9.85425378633299e-06
P61829	3.00072667265523e-10	2.07281420240153e-05	2.07284420966825e-05	2.07281878173752e-05
P81449	3.00070746801274e-10	2.07280093639063e-05	2.07283094346531e-05	2.07280551569732e-05
P81450	3.00070746801274e-10	2.07280093639063e-05	2.07283094346531e-05	2.07280551569732e-05
P81451	3.00070746801274e-10	2.07280093639063e-05	2.07283094346531e-05	2.07280551569732e-05
Q00055	7.07629713003624e-11	0	7.07629713003624e-11	0
Q00711	5.63368232088974e-09	1.23938487499735e-06	1.24501855731824e-06	1.24496784468202e-06
Q01519	4.98299460726745e-10	8.26492315921441e-06	8.26542145867513e-06	8.26492315921441e-06
Q01574	3.19659035806137e-08	2.11351057348147e-08	5.31010093154285e-08	2.11351057348147e-08
Q04458	1.71707780649706e-09	0	1.71707780649706e-09	0
Q04935	8.69226973717766e-10	0	8.69226973717766e-10	0
Q06204	3.17413335137268e-09	0	3.17413335137268e-09	0
Q06405	3.00070746801274e-10	2.07280093639063e-05	2.07283094346531e-05	2.07280551569732e-05
Q07500	2.64548408590048e-08	0	2.64548408590048e-08	0
Q12055	8.12907814114612e-08	9.27419355753693e-07	1.00871013716515e-06	1.00357655054818e-06
Q12165	3.00070746801274e-10	2.07280093639063e-05	2.07283094346531e-05	2.07280551569732e-05
Q12189	4.30288357430579e-09	9.55846789144482e-06	9.56277077501912e-06	9.55864271213844e-06
Q12233	3.00070746801274e-10	2.07280093639063e-05	2.07283094346531e-05	2.07280551569732e-05
Q12349	3.00070746801274e-10	2.07280093639063e-05	2.07283094346531e-05	2.07280551569732e-05
Q3E731	8.69226973717766e-10	0	8.69226973717766e-10	0
