enzymes	subSystems	D_0	D_005	D_01	D_015	D_02	D_025	D_03	D_035	D_04	D_045	D_05	D_055	D_06	D_065	D_07	D_075	D_08	D_085	D_09	D_095	D_1	D_105	D_11	D_115	D_12	D_125	D_13	D_135	D_14	D_145	D_15	D_155	D_16	D_165	D_17	D_175	D_18	D_185	D_19	D_195	D_2	D_205	D_21	D_215	D_22	D_225	D_23	D_235	D_24	D_245	D_25	D_255	D_26	D_265	D_27	D_275	D_28	D_285	D_29	D_295	D_3	D_305	D_31	D_315	D_32	D_325	D_33	D_335	D_34	D_345	D_35	D_355	D_36	D_365	D_37	D_375	D_38	D_385	D_39	D_395	D_4
P00127	Oxidative Phosphorylation	0.009701	0.011161	0.012201	0.012981	0.013588	0.014073	0.014471	0.014804	0.015085	0.015327	0.015537	0.015721	0.015885	0.01603	0.01616	0.016278	0.016385	0.016483	0.016573	0.016655	0.016732	0.016803	0.016869	0.016931	0.016988	0.017048	0.01712	0.017188	0.017253	0.017313	0.017371	0.017426	0.017477	0.017527	0.017574	0.017619	0.017662	0.017703	0.017742	0.01778	0.017817	0.017851	0.017885	0.017917	0.017948	0.017978	0.018007	0.018035	0.018062	0.018088	0.018113	0.018138	0.018162	0.018185	0.018207	0.018229	0.018247	0.018039	0.017555	0.017141	0.016728	0.016318	0.015911	0.015506	0.015103	0.014703	0.014306	0.01391	0.013517	0.013127	0.012739	0.012354	0.01197	0.01159	0.011211	0.010836	0.010462	0.010091	0.009723	0.009357	0.008993
P00128	Oxidative Phosphorylation	0.008187	0.009419	0.010297	0.010956	0.011468	0.011878	0.012214	0.012494	0.012732	0.012936	0.013113	0.013269	0.013406	0.013529	0.013639	0.013739	0.013829	0.013912	0.013987	0.014057	0.014122	0.014182	0.014237	0.014289	0.014338	0.014389	0.01445	0.014507	0.014561	0.014612	0.014661	0.014707	0.014751	0.014793	0.014832	0.01487	0.014907	0.014941	0.014975	0.015006	0.015037	0.015066	0.015095	0.015122	0.015148	0.015173	0.015198	0.015221	0.015244	0.015266	0.015288	0.015308	0.015328	0.015348	0.015367	0.015385	0.015401	0.015225	0.014817	0.014467	0.014119	0.013773	0.013429	0.013087	0.012747	0.012409	0.012074	0.01174	0.011409	0.011079	0.010752	0.010426	0.010103	0.009782	0.009462	0.009145	0.00883	0.008517	0.008206	0.007897	0.00759
P00163	Oxidative Phosphorylation	0.02454	0.028234	0.030865	0.032838	0.034373	0.035602	0.036609	0.037449	0.038162	0.038774	0.039305	0.039771	0.040184	0.040552	0.040882	0.04118	0.041451	0.041698	0.041925	0.042134	0.042328	0.042507	0.042674	0.04283	0.042976	0.043128	0.04331	0.043482	0.043645	0.043798	0.043944	0.044082	0.044214	0.044339	0.044458	0.044572	0.04468	0.044784	0.044884	0.04498	0.045071	0.04516	0.045244	0.045326	0.045405	0.04548	0.045554	0.045624	0.045693	0.045759	0.045823	0.045884	0.045944	0.046003	0.046059	0.046114	0.046161	0.045634	0.044411	0.043362	0.042318	0.041282	0.040251	0.039226	0.038208	0.037196	0.03619	0.03519	0.034196	0.033208	0.032227	0.031251	0.030282	0.029319	0.028362	0.027411	0.026467	0.025528	0.024596	0.02367	0.02275
P00330	Anaerobic excretion // Anaerobic excretion	0	0	0	0	0	0	0	0	0	0	0	0	0	0	0	0	0	0	0	0	0	0	0	0	0	0	0	0	0	0	0	0	0	0	0	0	0	0	0	0	0	0	0	0	0	0	0	0	0	0	0	0	0	0	0	0	0	6.3e-05	0.000314	0.000526	0.000738	0.000948	0.001156	0.001364	0.00157	0.001775	0.001978	0.002181	0.002382	0.002581	0.002779	0.002976	0.003172	0.003367	0.00356	0.003751	0.003942	0.004131	0.004319	0.004505	0.004691
P00358	Glycolysis // Glycolysis	0	0	0	0	0	0	0	0	0	0	0	0	0	0	0	0	0	0	0	0	0	0	0	0	0	0	0	0	0	0	0	0	0	0	0	0	0	0	0	0	0	0	0	0	0	0	0	0	0	0	0	0	0	0	0	0	0	0	0	0	0	0	0	0	0	0	0	0	0	0	0	0	0	0	0	0	0	0	0	0	0
P00359	Glycolysis // Glycolysis	0.014916	0.020782	0.024939	0.028034	0.030422	0.032316	0.033852	0.03512	0.036181	0.037082	0.037853	0.038519	0.039099	0.039608	0.040056	0.040453	0.040807	0.041122	0.041406	0.041661	0.041892	0.0421	0.042289	0.04246	0.042615	0.042772	0.042954	0.043122	0.043276	0.043419	0.04355	0.043672	0.043784	0.043887	0.043983	0.044071	0.044153	0.044229	0.044298	0.044362	0.044422	0.044476	0.044526	0.044573	0.044615	0.044654	0.044689	0.044721	0.044751	0.044777	0.044801	0.044822	0.044842	0.044858	0.044873	0.044886	0.04558	0.052446	0.060851	0.068032	0.07517	0.082266	0.08932	0.096331	0.1033	0.110226	0.11711	0.123952	0.130751	0.137508	0.144222	0.150894	0.157524	0.164111	0.170656	0.177158	0.183619	0.190036	0.196411	0.202744	0.209035
P00360	Glycolysis // Glycolysis	0	0	0	0	0	0	0	0	0	0	0	0	0	0	0	0	0	0	0	0	0	0	0	0	0	0	0	0	0	0	0	0	0	0	0	0	0	0	0	0	0	0	0	0	0	0	0	0	0	0	0	0	0	0	0	0	0	0	0	0	0	0	0	0	0	0	0	0	0	0	0	0	0	0	0	0	0	0	0	0	0
P00401	Oxidative Phosphorylation // Oxidative Phosphorylation	0.010485	0.012063	0.013188	0.014031	0.014686	0.015212	0.015642	0.016001	0.016305	0.016567	0.016794	0.016993	0.017169	0.017326	0.017467	0.017595	0.01771	0.017816	0.017913	0.018002	0.018085	0.018162	0.018233	0.0183	0.018362	0.018427	0.018505	0.018578	0.018648	0.018714	0.018776	0.018835	0.018891	0.018944	0.018995	0.019044	0.01909	0.019135	0.019177	0.019218	0.019257	0.019295	0.019331	0.019366	0.0194	0.019432	0.019463	0.019494	0.019523	0.019551	0.019578	0.019605	0.01963	0.019655	0.019679	0.019703	0.019723	0.019498	0.018975	0.018527	0.018081	0.017638	0.017198	0.01676	0.016325	0.015892	0.015463	0.015035	0.014611	0.014189	0.013769	0.013353	0.012938	0.012527	0.012118	0.011712	0.011308	0.010907	0.010509	0.010113	0.00972
P00410	Oxidative Phosphorylation // Oxidative Phosphorylation	0.005094	0.005861	0.006407	0.006817	0.007135	0.007391	0.0076	0.007774	0.007922	0.008049	0.008159	0.008256	0.008342	0.008418	0.008487	0.008548	0.008605	0.008656	0.008703	0.008746	0.008787	0.008824	0.008859	0.008891	0.008921	0.008953	0.008991	0.009026	0.00906	0.009092	0.009122	0.009151	0.009178	0.009204	0.009229	0.009253	0.009275	0.009297	0.009317	0.009337	0.009356	0.009375	0.009392	0.009409	0.009425	0.009441	0.009456	0.009471	0.009485	0.009499	0.009512	0.009525	0.009537	0.00955	0.009561	0.009573	0.009583	0.009473	0.009219	0.009001	0.008785	0.00857	0.008356	0.008143	0.007931	0.007721	0.007512	0.007305	0.007099	0.006894	0.00669	0.006487	0.006286	0.006086	0.005888	0.00569	0.005494	0.005299	0.005106	0.004914	0.004723
P00420	Oxidative Phosphorylation // Oxidative Phosphorylation	0.005414	0.006229	0.006809	0.007245	0.007583	0.007854	0.008076	0.008262	0.008419	0.008554	0.008671	0.008774	0.008865	0.008946	0.009019	0.009085	0.009145	0.009199	0.009249	0.009295	0.009338	0.009378	0.009414	0.009449	0.009481	0.009515	0.009555	0.009593	0.009629	0.009663	0.009695	0.009725	0.009754	0.009782	0.009808	0.009833	0.009857	0.00988	0.009902	0.009923	0.009943	0.009963	0.009981	0.009999	0.010017	0.010034	0.01005	0.010065	0.01008	0.010095	0.010109	0.010123	0.010136	0.010149	0.010161	0.010173	0.010184	0.010068	0.009798	0.009566	0.009336	0.009107	0.00888	0.008654	0.008429	0.008206	0.007984	0.007763	0.007544	0.007326	0.00711	0.006894	0.006681	0.006468	0.006257	0.006047	0.005839	0.005632	0.005426	0.005222	0.005019
P00425	Oxidative Phosphorylation	0.003067	0.003528	0.003857	0.004104	0.004295	0.004449	0.004575	0.00468	0.004769	0.004845	0.004912	0.00497	0.005021	0.005067	0.005109	0.005146	0.00518	0.005211	0.005239	0.005265	0.005289	0.005312	0.005333	0.005352	0.00537	0.005389	0.005412	0.005434	0.005454	0.005473	0.005491	0.005509	0.005525	0.005541	0.005556	0.00557	0.005583	0.005596	0.005609	0.005621	0.005632	0.005643	0.005654	0.005664	0.005674	0.005683	0.005692	0.005701	0.00571	0.005718	0.005726	0.005734	0.005741	0.005749	0.005756	0.005762	0.005768	0.005703	0.00555	0.005419	0.005288	0.005159	0.00503	0.004902	0.004775	0.004648	0.004522	0.004397	0.004273	0.00415	0.004027	0.003905	0.003784	0.003664	0.003544	0.003425	0.003307	0.00319	0.003074	0.002958	0.002843
P00427	Oxidative Phosphorylation	0.003092	0.003558	0.003889	0.004138	0.004332	0.004486	0.004613	0.004719	0.004809	0.004886	0.004953	0.005012	0.005064	0.00511	0.005152	0.005189	0.005223	0.005255	0.005283	0.00531	0.005334	0.005357	0.005378	0.005397	0.005416	0.005435	0.005458	0.005479	0.0055	0.005519	0.005538	0.005555	0.005572	0.005587	0.005602	0.005617	0.00563	0.005643	0.005656	0.005668	0.00568	0.005691	0.005701	0.005712	0.005722	0.005731	0.00574	0.005749	0.005758	0.005766	0.005774	0.005782	0.00579	0.005797	0.005804	0.005811	0.005817	0.005751	0.005596	0.005464	0.005333	0.005202	0.005072	0.004943	0.004815	0.004687	0.00456	0.004434	0.004309	0.004185	0.004061	0.003938	0.003816	0.003695	0.003574	0.003454	0.003335	0.003217	0.003099	0.002983	0.002867
P00549	Glycolysis	0.002423	0.003244	0.003826	0.004259	0.004594	0.00486	0.005076	0.005254	0.005403	0.00553	0.005639	0.005733	0.005816	0.005888	0.005952	0.006008	0.006059	0.006104	0.006145	0.006182	0.006215	0.006245	0.006273	0.006298	0.00632	0.006343	0.006371	0.006395	0.006419	0.00644	0.00646	0.006478	0.006495	0.006511	0.006526	0.006539	0.006552	0.006564	0.006575	0.006585	0.006594	0.006603	0.006611	0.006619	0.006626	0.006633	0.006639	0.006644	0.00665	0.006654	0.006659	0.006663	0.006667	0.00667	0.006673	0.006676	0.006788	0.007892	0.009247	0.010402	0.011551	0.012693	0.013828	0.014956	0.016077	0.017191	0.018298	0.019399	0.020492	0.021579	0.022659	0.023731	0.024797	0.025857	0.026909	0.027954	0.028992	0.030024	0.031049	0.032066	0.033077
P00560	Glycolysis // Glycolysis	0.000859	0.001189	0.001424	0.001598	0.001732	0.001839	0.001926	0.001997	0.002057	0.002108	0.002151	0.002189	0.002222	0.00225	0.002276	0.002298	0.002318	0.002336	0.002352	0.002366	0.002379	0.002391	0.002402	0.002412	0.00242	0.002429	0.00244	0.002449	0.002458	0.002466	0.002474	0.00248	0.002487	0.002493	0.002498	0.002503	0.002508	0.002512	0.002516	0.00252	0.002523	0.002526	0.002529	0.002532	0.002534	0.002537	0.002539	0.002541	0.002542	0.002544	0.002545	0.002547	0.002548	0.002549	0.00255	0.00255	0.00259	0.002985	0.003469	0.003882	0.004292	0.0047	0.005106	0.005509	0.00591	0.006308	0.006704	0.007098	0.007489	0.007877	0.008263	0.008647	0.009028	0.009407	0.009783	0.010157	0.010529	0.010898	0.011264	0.011628	0.01199
P00830	Oxidative Phosphorylation	0.024456	0.02812	0.030733	0.032693	0.034217	0.035438	0.036438	0.037273	0.03798	0.038588	0.039116	0.039579	0.039989	0.040355	0.040683	0.040979	0.041249	0.041494	0.041719	0.041928	0.04212	0.042299	0.042465	0.04262	0.042765	0.042916	0.043098	0.043269	0.043431	0.043584	0.043729	0.043866	0.043997	0.044121	0.04424	0.044353	0.044462	0.044565	0.044665	0.04476	0.044851	0.044939	0.045023	0.045105	0.045183	0.045259	0.045332	0.045402	0.04547	0.045536	0.0456	0.045662	0.045722	0.04578	0.045836	0.045891	0.04594	0.04556	0.044339	0.043292	0.042251	0.041216	0.040188	0.039165	0.038149	0.037139	0.036135	0.035137	0.034145	0.033159	0.032179	0.031206	0.030239	0.029277	0.028322	0.027373	0.026431	0.025494	0.024563	0.023639	0.022721
P00854	Oxidative Phosphorylation	0.012988	0.014933	0.016321	0.017362	0.018171	0.01882	0.019351	0.019794	0.02017	0.020493	0.020773	0.021019	0.021237	0.021431	0.021605	0.021763	0.021906	0.022036	0.022156	0.022266	0.022368	0.022463	0.022552	0.022634	0.022711	0.022791	0.022888	0.022979	0.023064	0.023146	0.023223	0.023296	0.023365	0.023431	0.023494	0.023554	0.023612	0.023667	0.02372	0.02377	0.023819	0.023865	0.02391	0.023953	0.023995	0.024035	0.024074	0.024111	0.024148	0.024182	0.024216	0.024249	0.024281	0.024312	0.024342	0.024371	0.024397	0.024195	0.023547	0.022991	0.022438	0.021888	0.021342	0.020799	0.020259	0.019723	0.01919	0.01866	0.018133	0.017609	0.017089	0.016572	0.016059	0.015548	0.015041	0.014537	0.014036	0.013539	0.013045	0.012554	0.012066
P00856	Oxidative Phosphorylation	0.002599	0.002988	0.003266	0.003474	0.003636	0.003766	0.003872	0.00396	0.004036	0.0041	0.004156	0.004206	0.004249	0.004288	0.004323	0.004354	0.004383	0.004409	0.004433	0.004455	0.004476	0.004495	0.004512	0.004529	0.004544	0.00456	0.004579	0.004598	0.004615	0.004631	0.004646	0.004661	0.004675	0.004688	0.004701	0.004713	0.004724	0.004735	0.004746	0.004756	0.004766	0.004775	0.004784	0.004793	0.004801	0.004809	0.004817	0.004824	0.004832	0.004839	0.004845	0.004852	0.004858	0.004864	0.00487	0.004876	0.004881	0.004841	0.004711	0.0046	0.004489	0.00438	0.00427	0.004162	0.004054	0.003946	0.00384	0.003734	0.003628	0.003523	0.003419	0.003316	0.003213	0.003111	0.003009	0.002909	0.002808	0.002709	0.00261	0.002512	0.002414
P00890	TCA	0.003892	0.004213	0.004443	0.004618	0.004755	0.004866	0.004958	0.005036	0.005103	0.005162	0.005213	0.005259	0.005301	0.005338	0.005372	0.005404	0.005433	0.00546	0.005485	0.005509	0.005532	0.005553	0.005573	0.005592	0.00561	0.00563	0.005654	0.005676	0.005698	0.005719	0.005739	0.005758	0.005776	0.005794	0.005811	0.005828	0.005844	0.00586	0.005875	0.00589	0.005904	0.005918	0.005931	0.005945	0.005957	0.00597	0.005982	0.005994	0.006006	0.006017	0.006029	0.00604	0.00605	0.006061	0.006071	0.006082	0.006054	0.005706	0.00549	0.005302	0.005114	0.004928	0.004742	0.004558	0.004374	0.004192	0.00401	0.003829	0.00365	0.003471	0.003293	0.003117	0.002941	0.002766	0.002592	0.00242	0.002248	0.002077	0.001907	0.001738	0.00157
P00924	Glycolysis // Glycolysis	0	0	0	0	0	0	0	0	0	0	0	0	0	0	0	0	0	0	0	0	0	0	0	0	0	0	0	0	0	0	0	0	0	0	0	0	0	0	0	0	0	0	0	0	0	0	0	0	0	0	0	0	0	0	0	0	0	0	0	0	0	0	0	0	0	0	0	0	0	0	0	0	0	0	0	0	0	0	0	0	0
P00925	Glycolysis // Glycolysis	0	0	0	0	0	0	0	0	0	0	0	0	0	0	0	0	0	0	0	0	0	0	0	0	0	0	0	0	0	0	0	0	0	0	0	0	0	0	0	0	0	0	0	0	0	0	0	0	0	0	0	0	0	0	0	0	0	0	0	0	0	0	0	0	0	0	0	0	0	0	0	0	0	0	0	0	0	0	0	0	0
P00942	Glycolysis // Glycolysis	1.6e-05	2.2e-05	2.6e-05	2.9e-05	3.2e-05	3.4e-05	3.5e-05	3.7e-05	3.8e-05	3.9e-05	4e-05	4e-05	4.1e-05	4.1e-05	4.2e-05	4.2e-05	4.3e-05	4.3e-05	4.3e-05	4.4e-05	4.4e-05	4.4e-05	4.4e-05	4.4e-05	4.5e-05	4.5e-05	4.5e-05	4.5e-05	4.5e-05	4.5e-05	4.6e-05	4.6e-05	4.6e-05	4.6e-05	4.6e-05	4.6e-05	4.6e-05	4.6e-05	4.6e-05	4.6e-05	4.6e-05	4.6e-05	4.7e-05	4.7e-05	4.7e-05	4.7e-05	4.7e-05	4.7e-05	4.7e-05	4.7e-05	4.7e-05	4.7e-05	4.7e-05	4.7e-05	4.7e-05	4.7e-05	4.8e-05	5.6e-05	6.5e-05	7.3e-05	8e-05	8.8e-05	9.5e-05	0.000103	0.00011	0.000118	0.000125	0.000132	0.00014	0.000147	0.000154	0.000161	0.000168	0.000175	0.000182	0.000189	0.000196	0.000203	0.00021	0.000216	0.000223
P00950	Glycolysis // Glycolysis	0.508317	0.421681	0.359944	0.313738	0.277858	0.249193	0.225767	0.206266	0.189779	0.17566	0.163432	0.152741	0.143315	0.134942	0.127455	0.120721	0.114632	0.109101	0.104047	0.099401	0.095122	0.091175	0.087522	0.084132	0.080978	0.077706	0.073798	0.07013	0.066679	0.063428	0.06036	0.05746	0.054715	0.052113	0.049643	0.047296	0.045063	0.042936	0.040908	0.038972	0.037122	0.035352	0.033659	0.032036	0.030481	0.028988	0.027554	0.026176	0.024851	0.023576	0.022348	0.021164	0.020023	0.018922	0.01786	0.016834	0.015881	0.015277	0.014876	0.014569	0.014262	0.013957	0.013653	0.01335	0.013049	0.012748	0.012449	0.012151	0.011855	0.011559	0.011265	0.010972	0.01068	0.010389	0.0101	0.009812	0.009525	0.009239	0.008955	0.008671	0.008389
P04037	Oxidative Phosphorylation	0.003057	0.003517	0.003845	0.004091	0.004282	0.004435	0.00456	0.004665	0.004754	0.00483	0.004896	0.004954	0.005006	0.005051	0.005093	0.00513	0.005163	0.005194	0.005222	0.005249	0.005273	0.005295	0.005316	0.005335	0.005353	0.005372	0.005395	0.005417	0.005437	0.005456	0.005474	0.005491	0.005508	0.005523	0.005538	0.005552	0.005566	0.005579	0.005591	0.005603	0.005614	0.005625	0.005636	0.005646	0.005656	0.005665	0.005675	0.005683	0.005692	0.0057	0.005708	0.005716	0.005723	0.00573	0.005738	0.005744	0.00575	0.005685	0.005532	0.005401	0.005272	0.005142	0.005014	0.004886	0.00476	0.004633	0.004508	0.004384	0.00426	0.004137	0.004014	0.003893	0.003772	0.003652	0.003533	0.003415	0.003297	0.00318	0.003064	0.002949	0.002834
P04039	Oxidative Phosphorylation	0.003177	0.003655	0.003995	0.004251	0.004449	0.004608	0.004739	0.004848	0.00494	0.005019	0.005088	0.005148	0.005202	0.005249	0.005292	0.00533	0.005366	0.005397	0.005427	0.005454	0.005479	0.005502	0.005524	0.005544	0.005563	0.005583	0.005606	0.005628	0.005649	0.005669	0.005688	0.005706	0.005723	0.005739	0.005755	0.005769	0.005784	0.005797	0.00581	0.005822	0.005834	0.005846	0.005857	0.005867	0.005877	0.005887	0.005897	0.005906	0.005915	0.005923	0.005931	0.005939	0.005947	0.005955	0.005962	0.005969	0.005975	0.005907	0.005749	0.005613	0.005478	0.005344	0.00521	0.005078	0.004946	0.004815	0.004684	0.004555	0.004426	0.004299	0.004172	0.004045	0.00392	0.003795	0.003671	0.003548	0.003426	0.003304	0.003184	0.003064	0.002945
P04385	Galactose metabolism	0	0	0	0	0	0	0	0	0	0	0	0	0	0	0	0	0	0	0	0	0	0	0	0	0	0	0	0	0	0	0	0	0	0	0	0	0	0	0	0	0	0	0	0	0	0	0	0	0	0	0	0	0	0	0	0	0	0	0	0	0	0	0	0	0	0	0	0	0	0	0	0	0	0	0	0	0	0	0	0	0
P04397	Galactose metabolism // Galactose metabolism	0	0	0	0	0	0	0	0	0	0	0	0	0	0	0	0	0	0	0	0	0	0	0	0	0	0	0	0	0	0	0	0	0	0	0	0	0	0	0	0	0	0	0	0	0	0	0	0	0	0	0	0	0	0	0	0	0	0	0	0	0	0	0	0	0	0	0	0	0	0	0	0	0	0	0	0	0	0	0	0	0
P04806	Glycolysis	0.001011	0.001718	0.002219	0.002591	0.002877	0.003104	0.003287	0.003438	0.003564	0.00367	0.003761	0.003839	0.003906	0.003965	0.004017	0.004062	0.004102	0.004138	0.004169	0.004198	0.004223	0.004245	0.004266	0.004284	0.0043	0.004316	0.004335	0.004351	0.004367	0.004381	0.004393	0.004405	0.004415	0.004424	0.004433	0.00444	0.004447	0.004453	0.004459	0.004464	0.004468	0.004472	0.004475	0.004478	0.00448	0.004482	0.004484	0.004485	0.004486	0.004487	0.004487	0.004487	0.004487	0.004487	0.004486	0.004485	0.004525	0.004953	0.005549	0.006061	0.00657	0.007077	0.007581	0.008082	0.00858	0.009075	0.009567	0.010056	0.010543	0.011027	0.011507	0.011985	0.01246	0.012933	0.013402	0.013868	0.014332	0.014792	0.01525	0.015705	0.016157
P04807	Glycolysis	0	0	0	0	0	0	0	0	0	0	0	0	0	0	0	0	0	0	0	0	0	0	0	0	0	0	0	0	0	0	0	0	0	0	0	0	0	0	0	0	0	0	0	0	0	0	0	0	0	0	0	0	0	0	0	0	0	0	0	0	0	0	0	0	0	0	0	0	0	0	0	0	0	0	0	0	0	0	0	0	0
P05626	Oxidative Phosphorylation	0.012017	0.013818	0.015102	0.016065	0.016814	0.017414	0.017905	0.018315	0.018663	0.018962	0.019221	0.019449	0.01965	0.01983	0.019991	0.020137	0.020269	0.02039	0.0205	0.020603	0.020697	0.020785	0.020867	0.020943	0.021014	0.021088	0.021178	0.021262	0.021341	0.021416	0.021488	0.021555	0.021619	0.021681	0.021739	0.021795	0.021848	0.021899	0.021948	0.021994	0.022039	0.022082	0.022124	0.022164	0.022202	0.02224	0.022275	0.02231	0.022343	0.022376	0.022407	0.022438	0.022467	0.022495	0.022523	0.02255	0.022574	0.022388	0.021788	0.021273	0.020762	0.020253	0.019748	0.019245	0.018746	0.018249	0.017756	0.017266	0.016778	0.016294	0.015813	0.015334	0.014859	0.014387	0.013917	0.013451	0.012988	0.012527	0.01207	0.011616	0.011165
P06169	Anaerobic excretion	1e-06	0.000216	0.000368	0.000481	0.000567	0.000636	0.000691	0.000736	0.000773	0.000805	0.000831	0.000854	0.000874	0.000891	0.000905	0.000918	0.000929	0.000939	0.000948	0.000956	0.000962	0.000968	0.000973	0.000978	0.000982	0.000986	0.00099	0.000994	0.000997	0.001	0.001003	0.001005	0.001007	0.001008	0.00101	0.001011	0.001012	0.001013	0.001013	0.001013	0.001014	0.001014	0.001014	0.001013	0.001013	0.001013	0.001012	0.001011	0.001011	0.00101	0.001009	0.001008	0.001007	0.001006	0.001005	0.001004	0.001535	0.006908	0.01299	0.01816	0.023298	0.028404	0.033479	0.038522	0.043534	0.048514	0.053462	0.058379	0.063264	0.068117	0.072939	0.07773	0.082488	0.087215	0.091911	0.096575	0.101207	0.105807	0.110376	0.114914	0.119419
P07143	Oxidative Phosphorylation	0.019143	0.022024	0.024077	0.025616	0.026813	0.027772	0.028558	0.029213	0.029769	0.030246	0.030661	0.031024	0.031346	0.031633	0.031891	0.032123	0.032335	0.032527	0.032704	0.032867	0.033018	0.033159	0.033289	0.03341	0.033524	0.033643	0.033785	0.033919	0.034046	0.034166	0.034279	0.034387	0.03449	0.034587	0.03468	0.034769	0.034854	0.034935	0.035013	0.035087	0.035159	0.035227	0.035294	0.035357	0.035419	0.035478	0.035535	0.03559	0.035643	0.035695	0.035745	0.035793	0.03584	0.035885	0.035929	0.035972	0.036009	0.035598	0.034643	0.033825	0.033011	0.032202	0.031398	0.030599	0.029805	0.029015	0.02823	0.02745	0.026675	0.025905	0.025139	0.024378	0.023622	0.022871	0.022124	0.021383	0.020646	0.019914	0.019187	0.018464	0.017747
P07170	Salvage pathways // Salvage pathways	0	0	0	0	0	0	0	0	0	0	0	0	0	0	0	0	0	0	0	0	0	0	0	0	0	0	0	0	0	0	0	0	0	0	0	0	0	0	0	0	0	0	0	0	0	0	0	0	0	0	0	0	0	0	0	0	0	0	0	0	0	0	0	0	0	0	0	0	0	0	0	0	0	0	0	0	0	0	0	0	0
P07251	Oxidative Phosphorylation	0.026158	0.030077	0.032873	0.034969	0.036599	0.037905	0.038974	0.039867	0.040624	0.041274	0.041839	0.042335	0.042773	0.043164	0.043515	0.043832	0.04412	0.044383	0.044624	0.044846	0.045052	0.045243	0.045421	0.045587	0.045742	0.045904	0.046098	0.046281	0.046454	0.046618	0.046773	0.04692	0.04706	0.047193	0.04732	0.047441	0.047557	0.047668	0.047774	0.047876	0.047973	0.048067	0.048158	0.048245	0.048328	0.048409	0.048487	0.048563	0.048636	0.048706	0.048774	0.04884	0.048904	0.048966	0.049027	0.049085	0.049138	0.048732	0.047426	0.046306	0.045192	0.044086	0.042985	0.041892	0.040805	0.039724	0.03865	0.037583	0.036522	0.035467	0.034419	0.033378	0.032344	0.031315	0.030294	0.029279	0.02827	0.027269	0.026273	0.025284	0.024302
P07255	Oxidative Phosphorylation // Oxidative Phosphorylation	0.001242	0.001429	0.001562	0.001662	0.001739	0.001801	0.001852	0.001895	0.001931	0.001962	0.001989	0.002012	0.002033	0.002052	0.002069	0.002084	0.002097	0.00211	0.002121	0.002132	0.002142	0.002151	0.002159	0.002167	0.002175	0.002182	0.002191	0.0022	0.002208	0.002216	0.002224	0.002231	0.002237	0.002243	0.00225	0.002255	0.002261	0.002266	0.002271	0.002276	0.002281	0.002285	0.002289	0.002293	0.002297	0.002301	0.002305	0.002309	0.002312	0.002315	0.002319	0.002322	0.002325	0.002328	0.002331	0.002333	0.002336	0.002309	0.002247	0.002194	0.002141	0.002089	0.002037	0.001985	0.001933	0.001882	0.001831	0.001781	0.00173	0.00168	0.001631	0.001581	0.001532	0.001484	0.001435	0.001387	0.001339	0.001292	0.001245	0.001198	0.001151
P07256	Oxidative Phosphorylation	0.028234	0.032484	0.035512	0.037782	0.039548	0.040962	0.04212	0.043087	0.043906	0.04461	0.045222	0.045759	0.046233	0.046656	0.047036	0.047379	0.047691	0.047975	0.048236	0.048477	0.0487	0.048906	0.049098	0.049278	0.049445	0.04962	0.04983	0.050028	0.050215	0.050392	0.050559	0.050718	0.050869	0.051013	0.05115	0.051281	0.051406	0.051526	0.051641	0.051751	0.051856	0.051958	0.052055	0.052149	0.05224	0.052327	0.052411	0.052492	0.052571	0.052647	0.052721	0.052792	0.052861	0.052928	0.052993	0.053056	0.05311	0.052504	0.051096	0.049889	0.048689	0.047496	0.04631	0.045131	0.04396	0.042795	0.041637	0.040487	0.039344	0.038207	0.037078	0.035956	0.034841	0.033733	0.032632	0.031538	0.030451	0.029371	0.028299	0.027233	0.026175
P07257	Oxidative Phosphorylation	0.022754	0.026178	0.028618	0.030448	0.031871	0.033011	0.033944	0.034723	0.035384	0.035951	0.036444	0.036876	0.037259	0.0376	0.037906	0.038183	0.038434	0.038663	0.038873	0.039067	0.039247	0.039413	0.039568	0.039712	0.039847	0.039988	0.040158	0.040317	0.040468	0.04061	0.040745	0.040873	0.040995	0.041111	0.041222	0.041327	0.041428	0.041524	0.041617	0.041705	0.04179	0.041872	0.041951	0.042026	0.042099	0.04217	0.042238	0.042303	0.042366	0.042428	0.042487	0.042544	0.0426	0.042654	0.042706	0.042757	0.042801	0.042313	0.041178	0.040205	0.039238	0.038277	0.037321	0.036371	0.035427	0.034488	0.033555	0.032628	0.031707	0.030791	0.029881	0.028976	0.028078	0.027185	0.026298	0.025416	0.02454	0.02367	0.022806	0.021947	0.021094
P08067	Oxidative Phosphorylation	0.013134	0.015111	0.016519	0.017575	0.018397	0.019055	0.019594	0.020043	0.020424	0.020752	0.021036	0.021286	0.021507	0.021704	0.02188	0.02204	0.022185	0.022317	0.022438	0.02255	0.022654	0.02275	0.02284	0.022923	0.023001	0.023082	0.02318	0.023272	0.023359	0.023441	0.023519	0.023593	0.023664	0.02373	0.023794	0.023855	0.023913	0.023969	0.024022	0.024073	0.024123	0.02417	0.024215	0.024259	0.024301	0.024341	0.024381	0.024418	0.024455	0.02449	0.024525	0.024558	0.02459	0.024621	0.024651	0.024681	0.024706	0.024424	0.023769	0.023207	0.022649	0.022094	0.021543	0.020994	0.020449	0.019907	0.019369	0.018834	0.018302	0.017773	0.017248	0.016726	0.016207	0.015692	0.01518	0.014671	0.014165	0.013663	0.013164	0.012668	0.012176
P08417	TCA // TCA	0.000529	0.00057	0.000599	0.000621	0.000638	0.000652	0.000664	0.000674	0.000683	0.00069	0.000697	0.000703	0.000708	0.000713	0.000717	0.000721	0.000725	0.000729	0.000732	0.000735	0.000738	0.000741	0.000744	0.000746	0.000748	0.000751	0.000754	0.000757	0.00076	0.000763	0.000766	0.000768	0.000771	0.000773	0.000775	0.000778	0.00078	0.000782	0.000784	0.000786	0.000788	0.00079	0.000792	0.000793	0.000795	0.000797	0.000799	0.0008	0.000802	0.000803	0.000805	0.000806	0.000808	0.000809	0.000811	0.000812	0.000808	0.000761	0.000731	0.000705	0.00068	0.000654	0.000628	0.000603	0.000578	0.000553	0.000528	0.000503	0.000478	0.000454	0.000429	0.000405	0.000381	0.000357	0.000333	0.000309	0.000286	0.000262	0.000239	0.000215	0.000192
P08431	Galactose metabolism // Galactose metabolism	0	0	0	0	0	0	0	0	0	0	0	0	0	0	0	0	0	0	0	0	0	0	0	0	0	0	0	0	0	0	0	0	0	0	0	0	0	0	0	0	0	0	0	0	0	0	0	0	0	0	0	0	0	0	0	0	0	0	0	0	0	0	0	0	0	0	0	0	0	0	0	0	0	0	0	0	0	0	0	0	0
P08525	Oxidative Phosphorylation	0.006169	0.007098	0.007759	0.008255	0.008641	0.00895	0.009203	0.009414	0.009593	0.009747	0.009881	0.009998	0.010102	0.010194	0.010277	0.010352	0.01042	0.010482	0.010539	0.010592	0.010641	0.010686	0.010728	0.010767	0.010803	0.010842	0.010888	0.010931	0.010972	0.01101	0.011047	0.011082	0.011115	0.011146	0.011176	0.011205	0.011232	0.011258	0.011283	0.011307	0.01133	0.011352	0.011374	0.011394	0.011414	0.011433	0.011452	0.011469	0.011486	0.011503	0.011519	0.011535	0.01155	0.011564	0.011579	0.011592	0.011604	0.011472	0.011164	0.0109	0.010638	0.010378	0.010119	0.009861	0.009605	0.00935	0.009098	0.008846	0.008596	0.008348	0.008101	0.007856	0.007612	0.00737	0.00713	0.006891	0.006653	0.006417	0.006183	0.00595	0.005719
P09201	Glycolysis	0	0	0	0	0	0	0	0	0	0	0	0	0	0	0	0	0	0	0	0	0	0	0	0	0	0	0	0	0	0	0	0	0	0	0	0	0	0	0	0	0	0	0	0	0	0	0	0	0	0	0	0	0	0	0	0	0	0	0	0	0	0	0	0	0	0	0	0	0	0	0	0	0	0	0	0	0	0	0	0	0
P09457	Oxidative Phosphorylation	0.010183	0.011708	0.012796	0.013612	0.014247	0.014755	0.015171	0.015519	0.015814	0.016067	0.016287	0.01648	0.01665	0.016802	0.016939	0.017062	0.017174	0.017277	0.017371	0.017457	0.017537	0.017612	0.017681	0.017745	0.017806	0.017869	0.017944	0.018016	0.018083	0.018147	0.018207	0.018264	0.018319	0.018371	0.01842	0.018467	0.018512	0.018555	0.018597	0.018636	0.018674	0.018711	0.018746	0.01878	0.018813	0.018844	0.018875	0.018904	0.018932	0.01896	0.018986	0.019012	0.019037	0.019061	0.019084	0.019107	0.019128	0.01897	0.018461	0.018025	0.017592	0.017161	0.016733	0.016307	0.015884	0.015463	0.015045	0.01463	0.014217	0.013806	0.013398	0.012993	0.01259	0.01219	0.011792	0.011397	0.011005	0.010615	0.010227	0.009842	0.00946
P09624	Other	0.013363	0.015536	0.01711	0.018288	0.019204	0.019936	0.020535	0.021034	0.021456	0.021818	0.022132	0.022407	0.02265	0.022866	0.023059	0.023233	0.023391	0.023534	0.023665	0.023786	0.023898	0.024001	0.024097	0.024186	0.024268	0.024355	0.024458	0.024555	0.024646	0.024732	0.024814	0.024891	0.024964	0.025034	0.0251	0.025163	0.025222	0.02528	0.025334	0.025386	0.025436	0.025484	0.02553	0.025574	0.025617	0.025658	0.025697	0.025735	0.025771	0.025806	0.02584	0.025873	0.025904	0.025935	0.025964	0.025993	0.025701	0.024593	0.023939	0.02338	0.022824	0.022271	0.021722	0.021176	0.020634	0.020095	0.019559	0.019026	0.018497	0.017972	0.017449	0.01693	0.016414	0.015902	0.015393	0.014887	0.014385	0.013886	0.01339	0.012898	0.012409
P0CX10	Glycolysis // Glycolysis	0	0	0	0	0	0	0	0	0	0	0	0	0	0	0	0	0	0	0	0	0	0	0	0	0	0	0	0	0	0	0	0	0	0	0	0	0	0	0	0	0	0	0	0	0	0	0	0	0	0	0	0	0	0	0	0	0	0	0	0	0	0	0	0	0	0	0	0	0	0	0	0	0	0	0	0	0	0	0	0	0
P0CX11	Glycolysis // Glycolysis	0	0	0	0	0	0	0	0	0	0	0	0	0	0	0	0	0	0	0	0	0	0	0	0	0	0	0	0	0	0	0	0	0	0	0	0	0	0	0	0	0	0	0	0	0	0	0	0	0	0	0	0	0	0	0	0	0	0	0	0	0	0	0	0	0	0	0	0	0	0	0	0	0	0	0	0	0	0	0	0	0
P10174	Oxidative Phosphorylation	0.001236	0.001422	0.001555	0.001654	0.001732	0.001793	0.001844	0.001887	0.001922	0.001953	0.00198	0.002003	0.002024	0.002043	0.002059	0.002074	0.002088	0.002101	0.002112	0.002122	0.002132	0.002141	0.00215	0.002158	0.002165	0.002173	0.002182	0.00219	0.002199	0.002206	0.002214	0.002221	0.002227	0.002234	0.00224	0.002245	0.002251	0.002256	0.002261	0.002266	0.00227	0.002275	0.002279	0.002283	0.002287	0.002291	0.002295	0.002298	0.002302	0.002305	0.002308	0.002311	0.002314	0.002317	0.00232	0.002323	0.002325	0.002299	0.002237	0.002184	0.002132	0.00208	0.002028	0.001976	0.001925	0.001874	0.001823	0.001773	0.001723	0.001673	0.001623	0.001574	0.001525	0.001477	0.001429	0.001381	0.001333	0.001286	0.001239	0.001192	0.001146
P10963	Other	0	0	0	0	0	0	0	0	0	0	0	0	0	0	0	0	0	0	0	0	0	0	0	0	0	0	0	0	0	0	0	0	0	0	0	0	0	0	0	0	0	0	0	0	0	0	0	0	0	0	0	0	0	0	0	0	0	0	0	0	0	0	0	0	0	0	0	0	0	0	0	0	0	0	0	0	0	0	0	0	0
P11154	TCA	0	0.001854	0.003118	0.004055	0.004775	0.005342	0.005799	0.006173	0.006484	0.006746	0.006967	0.007157	0.00732	0.007461	0.007583	0.00769	0.007784	0.007866	0.007938	0.008002	0.008058	0.008107	0.00815	0.008188	0.008221	0.008253	0.008289	0.008321	0.008348	0.008373	0.008394	0.008413	0.008429	0.008443	0.008455	0.008465	0.008473	0.008479	0.008484	0.008487	0.008489	0.00849	0.008489	0.008488	0.008485	0.008482	0.008478	0.008473	0.008467	0.00846	0.008453	0.008445	0.008437	0.008428	0.008418	0.008409	0.008759	0.008916	0.009072	0.009229	0.009385	0.009542	0.009698	0.009854	0.010011	0.010167	0.010324	0.01048	0.010637	0.010793	0.01095	0.011106	0.011262	0.011419	0.011575	0.011732	0.011888	0.012045	0.012201	0.012358	0.012514
P11412	pentose phosphate	0	0.00011	0.000187	0.000245	0.000289	0.000324	0.000352	0.000375	0.000394	0.00041	0.000424	0.000435	0.000445	0.000454	0.000461	0.000468	0.000474	0.000479	0.000483	0.000487	0.00049	0.000493	0.000496	0.000498	0.0005	0.000502	0.000504	0.000506	0.000508	0.00051	0.000511	0.000512	0.000513	0.000514	0.000514	0.000515	0.000516	0.000516	0.000516	0.000516	0.000516	0.000517	0.000516	0.000516	0.000516	0.000516	0.000516	0.000515	0.000515	0.000515	0.000514	0.000514	0.000513	0.000513	0.000512	0.000511	0.000488	0.000322	0.000331	0.00034	0.000349	0.000358	0.000367	0.000377	0.000386	0.000395	0.000404	0.000413	0.000422	0.000431	0.000441	0.00045	0.000459	0.000468	0.000477	0.000486	0.000495	0.000505	0.000514	0.000523	0.000532
P12695	Other	0.00093	0.001082	0.001191	0.001273	0.001337	0.001388	0.00143	0.001464	0.001494	0.001519	0.001541	0.00156	0.001577	0.001592	0.001605	0.001617	0.001628	0.001638	0.001647	0.001656	0.001664	0.001671	0.001678	0.001684	0.001689	0.001695	0.001703	0.001709	0.001716	0.001722	0.001727	0.001733	0.001738	0.001743	0.001747	0.001752	0.001756	0.00176	0.001764	0.001767	0.001771	0.001774	0.001777	0.00178	0.001783	0.001786	0.001789	0.001792	0.001794	0.001797	0.001799	0.001801	0.001803	0.001805	0.001808	0.00181	0.001789	0.001712	0.001667	0.001628	0.001589	0.00155	0.001512	0.001474	0.001436	0.001399	0.001362	0.001325	0.001288	0.001251	0.001215	0.001179	0.001143	0.001107	0.001072	0.001036	0.001001	0.000967	0.000932	0.000898	0.000864
P12709	Glycolysis // Glycolysis	0.000461	0.000609	0.000714	0.000792	0.000852	0.0009	0.000939	0.000971	0.000998	0.001021	0.001041	0.001058	0.001072	0.001086	0.001097	0.001107	0.001117	0.001125	0.001132	0.001139	0.001145	0.00115	0.001155	0.00116	0.001164	0.001168	0.001173	0.001178	0.001182	0.001186	0.00119	0.001193	0.001197	0.001199	0.001202	0.001205	0.001207	0.001209	0.001211	0.001213	0.001215	0.001217	0.001218	0.00122	0.001221	0.001222	0.001224	0.001225	0.001226	0.001227	0.001228	0.001228	0.001229	0.00123	0.00123	0.001231	0.001272	0.001625	0.001882	0.002102	0.00232	0.002536	0.002751	0.002965	0.003178	0.003389	0.003599	0.003808	0.004015	0.004222	0.004426	0.00463	0.004832	0.005033	0.005232	0.005431	0.005628	0.005823	0.006017	0.00621	0.006402
P14540	Glycolysis // Glycolysis	0.006282	0.008679	0.010377	0.011642	0.012618	0.013392	0.01402	0.014539	0.014973	0.015341	0.015657	0.01593	0.016167	0.016376	0.016559	0.016722	0.016867	0.016997	0.017113	0.017218	0.017313	0.017399	0.017476	0.017547	0.017611	0.017675	0.017751	0.01782	0.017884	0.017943	0.017998	0.018048	0.018094	0.018138	0.018177	0.018214	0.018248	0.01828	0.018309	0.018336	0.018361	0.018384	0.018405	0.018424	0.018442	0.018459	0.018474	0.018488	0.0185	0.018512	0.018522	0.018531	0.01854	0.018547	0.018554	0.01856	0.018906	0.022183	0.025717	0.028735	0.031736	0.034718	0.037683	0.04063	0.043558	0.04647	0.049363	0.052238	0.055096	0.057935	0.060757	0.063561	0.066347	0.069116	0.071866	0.074598	0.077313	0.08001	0.082689	0.08535	0.087993
P15019	pentose phosphate // pentose phosphate	0	0.000416	0.00071	0.000928	0.001096	0.001227	0.001334	0.001421	0.001493	0.001554	0.001605	0.001649	0.001687	0.00172	0.001748	0.001773	0.001795	0.001814	0.001831	0.001845	0.001858	0.00187	0.00188	0.001888	0.001896	0.001903	0.001912	0.001919	0.001925	0.001931	0.001936	0.00194	0.001944	0.001947	0.00195	0.001952	0.001954	0.001955	0.001956	0.001957	0.001957	0.001958	0.001957	0.001957	0.001956	0.001955	0.001954	0.001953	0.001952	0.00195	0.001949	0.001947	0.001945	0.001943	0.00194	0.001938	0.001848	0.001214	0.001249	0.001284	0.001318	0.001353	0.001388	0.001422	0.001457	0.001492	0.001526	0.001561	0.001596	0.00163	0.001665	0.001699	0.001734	0.001769	0.001803	0.001838	0.001873	0.001907	0.001942	0.001977	0.002011
P16387	Other	0.011466	0.013331	0.014681	0.015692	0.016478	0.017106	0.01762	0.018048	0.018411	0.018721	0.018991	0.019226	0.019435	0.01962	0.019786	0.019935	0.02007	0.020193	0.020306	0.02041	0.020506	0.020594	0.020676	0.020752	0.020824	0.020897	0.020986	0.021069	0.021148	0.021222	0.021291	0.021358	0.02142	0.02148	0.021537	0.021591	0.021642	0.021691	0.021738	0.021783	0.021826	0.021867	0.021906	0.021944	0.021981	0.022015	0.022049	0.022082	0.022113	0.022143	0.022172	0.0222	0.022227	0.022253	0.022279	0.022303	0.022052	0.021102	0.020541	0.020061	0.019584	0.01911	0.018639	0.01817	0.017705	0.017242	0.016782	0.016326	0.015872	0.01542	0.014972	0.014527	0.014084	0.013645	0.013208	0.012774	0.012343	0.011915	0.01149	0.011067	0.010648
P16451	Other	0.000814	0.000947	0.001043	0.001115	0.00117	0.001215	0.001251	0.001282	0.001308	0.00133	0.001349	0.001366	0.00138	0.001393	0.001405	0.001416	0.001425	0.001434	0.001442	0.00145	0.001456	0.001463	0.001468	0.001474	0.001479	0.001484	0.001491	0.001496	0.001502	0.001507	0.001512	0.001517	0.001521	0.001526	0.00153	0.001533	0.001537	0.001541	0.001544	0.001547	0.00155	0.001553	0.001556	0.001559	0.001561	0.001564	0.001566	0.001568	0.001571	0.001573	0.001575	0.001577	0.001579	0.001581	0.001582	0.001584	0.001566	0.001499	0.001459	0.001425	0.001391	0.001357	0.001324	0.001291	0.001257	0.001225	0.001192	0.00116	0.001127	0.001095	0.001063	0.001032	0.001	0.000969	0.000938	0.000907	0.000877	0.000846	0.000816	0.000786	0.000756
P16467	Anaerobic excretion	0	0	0	0	0	0	0	0	0	0	0	0	0	0	0	0	0	0	0	0	0	0	0	0	0	0	0	0	0	0	0	0	0	0	0	0	0	0	0	0	0	0	0	0	0	0	0	0	0	0	0	0	0	0	0	0	0	0	0	0	0	0	0	0	0	0	0	0	0	0	0	0	0	0	0	0	0	0	0	0	0
P16861	Glycolysis	0	0	0	0	0	0	0	0	0	0	0	0	0	0	0	0	0	0	0	0	0	0	0	0	0	0	0	0	0	0	0	0	0	0	0	0	0	0	0	0	0	0	0	0	0	0	0	0	0	0	0	0	0	0	0	0	0	0	0	0	0	0	0	0	0	0	0	0	0	0	0	0	0	0	0	0	0	0	0	0	0
P16862	Glycolysis // Glycolysis	0.00151	0.002086	0.002495	0.002798	0.003033	0.003219	0.00337	0.003495	0.003599	0.003688	0.003764	0.003829	0.003886	0.003936	0.003981	0.00402	0.004055	0.004086	0.004114	0.004139	0.004162	0.004182	0.004201	0.004218	0.004233	0.004249	0.004267	0.004284	0.004299	0.004313	0.004326	0.004338	0.00435	0.00436	0.004369	0.004378	0.004387	0.004394	0.004401	0.004408	0.004414	0.004419	0.004424	0.004429	0.004433	0.004437	0.004441	0.004444	0.004447	0.00445	0.004452	0.004455	0.004457	0.004458	0.00446	0.004461	0.004545	0.005332	0.006182	0.006907	0.007629	0.008346	0.009058	0.009767	0.010471	0.01117	0.011866	0.012557	0.013244	0.013927	0.014605	0.015279	0.015949	0.016614	0.017275	0.017932	0.018585	0.019233	0.019877	0.020517	0.021152
P17505	TCA // TCA	0.00193	0.002079	0.002191	0.002275	0.002342	0.002396	0.00244	0.002478	0.002511	0.002539	0.002564	0.002587	0.002607	0.002625	0.002642	0.002657	0.002671	0.002685	0.002697	0.002709	0.00272	0.00273	0.00274	0.002749	0.002758	0.002768	0.002779	0.002791	0.002801	0.002811	0.002821	0.002831	0.00284	0.002849	0.002857	0.002865	0.002873	0.002881	0.002888	0.002896	0.002903	0.00291	0.002916	0.002923	0.002929	0.002935	0.002942	0.002947	0.002953	0.002959	0.002965	0.00297	0.002975	0.002981	0.002986	0.002991	0.002948	0.002774	0.002666	0.002572	0.002478	0.002384	0.002291	0.002199	0.002107	0.002016	0.001925	0.001834	0.001744	0.001654	0.001565	0.001477	0.001389	0.001301	0.001214	0.001127	0.001041	0.000956	0.00087	0.000786	0.000701
P17709	Glycolysis	0	0	0	0	0	0	0	0	0	0	0	0	0	0	0	0	0	0	0	0	0	0	0	0	0	0	0	0	0	0	0	0	0	0	0	0	0	0	0	0	0	0	0	0	0	0	0	0	0	0	0	0	0	0	0	0	0	0	0	0	0	0	0	0	0	0	0	0	0	0	0	0	0	0	0	0	0	0	0	0	0
P19414	TCA // TCA	0.006139	0.006646	0.00701	0.007285	0.007501	0.007676	0.007822	0.007945	0.008051	0.008143	0.008224	0.008297	0.008362	0.008421	0.008475	0.008525	0.008571	0.008614	0.008653	0.008691	0.008727	0.00876	0.008792	0.008822	0.008851	0.008881	0.008919	0.008955	0.008989	0.009022	0.009053	0.009083	0.009112	0.009141	0.009168	0.009194	0.009219	0.009244	0.009268	0.009291	0.009314	0.009335	0.009357	0.009378	0.009398	0.009418	0.009437	0.009456	0.009475	0.009493	0.00951	0.009528	0.009545	0.009561	0.009578	0.009594	0.00955	0.009001	0.008661	0.008363	0.008068	0.007773	0.007481	0.00719	0.0069	0.006612	0.006326	0.006041	0.005758	0.005476	0.005195	0.004917	0.00464	0.004364	0.00409	0.003817	0.003546	0.003277	0.003009	0.002742	0.002477
P19516	Oxidative Phosphorylation	0	0	0	0	0	0	0	0	0	0	0	0	0	0	0	0	0	0	0	0	0	0	0	0	0	0	0	0	0	0	0	0	0	0	0	0	0	0	0	0	0	0	0	0	0	0	0	0	0	0	0	0	0	0	0	0	0	0	0	0	0	0	0	0	0	0	0	0	0	0	0	0	0	0	0	0	0	0	0	0	0
P20967	TCA	0.042413	0.04561	0.047822	0.049501	0.050826	0.051902	0.052799	0.05356	0.054217	0.054792	0.055302	0.055759	0.056171	0.056547	0.056892	0.057211	0.057506	0.057782	0.058042	0.058287	0.058519	0.058739	0.058949	0.059149	0.05934	0.059544	0.059795	0.060035	0.060266	0.060487	0.0607	0.060905	0.061103	0.061294	0.06148	0.061659	0.061833	0.062002	0.062167	0.062327	0.062483	0.062634	0.062783	0.062927	0.063069	0.063207	0.063342	0.063474	0.063604	0.063731	0.063856	0.063978	0.064098	0.064216	0.064331	0.064445	0.064789	0.060975	0.058599	0.056524	0.05446	0.052407	0.050364	0.048332	0.046311	0.0443	0.0423	0.04031	0.038331	0.036363	0.034406	0.032458	0.030522	0.028596	0.026681	0.024777	0.022883	0.021	0.019127	0.017265	0.015414
P21306	Oxidative Phosphorylation	0.003009	0.00346	0.003782	0.004023	0.004211	0.004361	0.004484	0.004586	0.004674	0.004748	0.004813	0.00487	0.004921	0.004966	0.005006	0.005043	0.005076	0.005106	0.005134	0.005159	0.005183	0.005205	0.005225	0.005245	0.005262	0.005281	0.005303	0.005324	0.005344	0.005363	0.005381	0.005398	0.005414	0.005429	0.005444	0.005458	0.005471	0.005484	0.005496	0.005508	0.005519	0.00553	0.00554	0.00555	0.00556	0.005569	0.005578	0.005587	0.005595	0.005603	0.005611	0.005619	0.005626	0.005633	0.00564	0.005647	0.005653	0.005606	0.005456	0.005327	0.005199	0.005072	0.004945	0.004819	0.004694	0.00457	0.004446	0.004324	0.004202	0.00408	0.00396	0.00384	0.003721	0.003603	0.003485	0.003368	0.003252	0.003137	0.003023	0.002909	0.002796
P21801	TCA // TCA	0.001421	0.001529	0.001607	0.001667	0.001713	0.001751	0.001783	0.001809	0.001832	0.001852	0.00187	0.001886	0.0019	0.001913	0.001925	0.001936	0.001946	0.001956	0.001965	0.001973	0.001981	0.001989	0.001996	0.002003	0.002009	0.002016	0.002025	0.002033	0.00204	0.002048	0.002055	0.002062	0.002069	0.002075	0.002081	0.002087	0.002093	0.002099	0.002104	0.00211	0.002115	0.00212	0.002125	0.00213	0.002135	0.002139	0.002144	0.002148	0.002152	0.002157	0.002161	0.002165	0.002169	0.002173	0.002177	0.00218	0.00217	0.002042	0.001963	0.001893	0.001824	0.001755	0.001687	0.001619	0.001551	0.001484	0.001417	0.00135	0.001284	0.001218	0.001152	0.001087	0.001022	0.000958	0.000894	0.00083	0.000767	0.000703	0.000641	0.000578	0.000516
P21826	Anaplerotic reactions 	0	0	0	0	0	0	0	0	0	0	0	0	0	0	0	0	0	0	0	0	0	0	0	0	0	0	0	0	0	0	0	0	0	0	0	0	0	0	0	0	0	0	0	0	0	0	0	0	0	0	0	0	0	0	0	0	0	0	0	0	0	0	0	0	0	0	0	0	0	0	0	0	0	0	0	0	0	0	0	0	0
P21954	TCA // TCA	0.017736	0.01918	0.02018	0.020938	0.021535	0.022019	0.022421	0.022762	0.023055	0.023311	0.023537	0.02374	0.023922	0.024088	0.024239	0.024379	0.024508	0.024628	0.024741	0.024847	0.024948	0.025043	0.025133	0.025219	0.0253	0.025388	0.025495	0.025597	0.025695	0.025789	0.025879	0.025966	0.02605	0.026131	0.026209	0.026285	0.026358	0.026429	0.026498	0.026565	0.02663	0.026694	0.026756	0.026816	0.026875	0.026933	0.026989	0.027044	0.027098	0.027151	0.027202	0.027253	0.027303	0.027351	0.027399	0.027446	0.027591	0.026005	0.02502	0.024161	0.023307	0.022457	0.021612	0.020771	0.019934	0.019102	0.018275	0.017452	0.016633	0.015819	0.015009	0.014204	0.013403	0.012607	0.011815	0.011027	0.010244	0.009465	0.008691	0.007921	0.007156
P22289	Oxidative Phosphorylation	0.004203	0.004835	0.005286	0.005624	0.005887	0.006097	0.006269	0.006413	0.006535	0.00664	0.006731	0.006811	0.006882	0.006945	0.007001	0.007052	0.007099	0.007141	0.00718	0.007216	0.007249	0.00728	0.007308	0.007335	0.00736	0.007386	0.007417	0.007447	0.007474	0.007501	0.007526	0.007549	0.007572	0.007593	0.007614	0.007633	0.007652	0.00767	0.007687	0.007703	0.007719	0.007734	0.007748	0.007762	0.007776	0.007789	0.007801	0.007813	0.007825	0.007836	0.007847	0.007858	0.007868	0.007878	0.007888	0.007897	0.007905	0.007815	0.007606	0.007426	0.007247	0.00707	0.006893	0.006718	0.006543	0.00637	0.006198	0.006026	0.005856	0.005687	0.005519	0.005352	0.005186	0.005021	0.004857	0.004694	0.004533	0.004372	0.004212	0.004054	0.003896
P23254	pentose phosphate // pentose phosphate // pentose phosphate // pentose phosphate	0	0.000717	0.001223	0.001598	0.001886	0.002113	0.002296	0.002445	0.00257	0.002674	0.002763	0.002839	0.002904	0.00296	0.003009	0.003052	0.00309	0.003122	0.003151	0.003176	0.003199	0.003218	0.003236	0.003251	0.003264	0.003277	0.003291	0.003303	0.003314	0.003324	0.003333	0.00334	0.003346	0.003352	0.003356	0.00336	0.003363	0.003366	0.003368	0.003369	0.003369	0.00337	0.003369	0.003369	0.003368	0.003366	0.003364	0.003362	0.00336	0.003357	0.003354	0.003351	0.003348	0.003344	0.00334	0.003336	0.003149	0.001836	0.001895	0.001955	0.002015	0.002074	0.002134	0.002194	0.002253	0.002313	0.002373	0.002432	0.002492	0.002552	0.002611	0.002671	0.00273	0.00279	0.00285	0.002909	0.002969	0.003029	0.003088	0.003148	0.003208
P26263	Anaerobic excretion	0	0	0	0	0	0	0	0	0	0	0	0	0	0	0	0	0	0	0	0	0	0	0	0	0	0	0	0	0	0	0	0	0	0	0	0	0	0	0	0	0	0	0	0	0	0	0	0	0	0	0	0	0	0	0	0	0	0	0	0	0	0	0	0	0	0	0	0	0	0	0	0	0	0	0	0	0	0	0	0	0
P28240	Anaplerotic reactions 	0	5.7e-05	0.000194	0.000296	0.000374	0.000436	0.000485	0.000525	0.000559	0.000587	0.00061	0.000631	0.000648	0.000663	0.000676	0.000687	0.000697	0.000705	0.000712	0.000719	0.000724	0.000729	0.000734	0.000737	0.00074	0.000743	0.000747	0.000749	0.000752	0.000754	0.000756	0.000757	0.000758	0.000759	0.00076	0.00076	0.000761	0.000761	0.000761	0.000761	0.00076	0.00076	0.000759	0.000759	0.000758	0.000757	0.000756	0.000755	0.000754	0.000753	0.000751	0.00075	0.000749	0.000747	0.000746	0.000744	2e-06	2e-06	2e-06	2e-06	2e-06	2e-06	2e-06	2e-06	2e-06	2e-06	2e-06	2e-06	2e-06	2e-06	2e-06	2e-06	2e-06	2e-06	2e-06	2e-06	2e-06	2e-06	2e-06	2e-06	2e-06
P30902	Oxidative Phosphorylation	0.008841	0.010166	0.011111	0.011819	0.01237	0.012812	0.013173	0.013475	0.013731	0.013951	0.014142	0.014309	0.014457	0.014589	0.014708	0.014815	0.014912	0.015001	0.015083	0.015158	0.015228	0.015292	0.015352	0.015408	0.015461	0.015515	0.015581	0.015643	0.015701	0.015757	0.015809	0.015859	0.015906	0.015951	0.015994	0.016035	0.016074	0.016112	0.016147	0.016182	0.016215	0.016247	0.016277	0.016307	0.016335	0.016362	0.016389	0.016414	0.016439	0.016463	0.016486	0.016508	0.01653	0.016551	0.016571	0.016591	0.016609	0.016471	0.01603	0.015651	0.015275	0.014901	0.014529	0.014159	0.013792	0.013427	0.013064	0.012703	0.012344	0.011988	0.011634	0.011282	0.010932	0.010585	0.010239	0.009896	0.009555	0.009217	0.00888	0.008546	0.008214
P30952	Anaplerotic reactions 	0	3.9e-05	0.000134	0.000205	0.000259	0.000301	0.000335	0.000363	0.000386	0.000406	0.000422	0.000436	0.000448	0.000458	0.000467	0.000475	0.000482	0.000488	0.000493	0.000497	0.000501	0.000504	0.000507	0.00051	0.000512	0.000514	0.000516	0.000518	0.00052	0.000521	0.000523	0.000524	0.000524	0.000525	0.000526	0.000526	0.000526	0.000526	0.000526	0.000526	0.000526	0.000526	0.000525	0.000525	0.000524	0.000524	0.000523	0.000522	0.000521	0.000521	0.00052	0.000519	0.000518	0.000517	0.000516	0.000515	2e-06	1e-06	1e-06	1e-06	1e-06	1e-06	1e-06	1e-06	1e-06	1e-06	1e-06	1e-06	1e-06	1e-06	1e-06	1e-06	1e-06	1e-06	1e-06	1e-06	1e-06	1e-06	1e-06	1e-06	1e-06
P32327	TCA	0	0	0	0	0	0	0	0	0	0	0	0	0	0	0	0	0	0	0	0	0	0	0	0	0	0	0	0	0	0	0	0	0	0	0	0	0	0	0	0	0	0	0	0	0	0	0	0	0	0	0	0	0	0	0	0	0	0	0	0	0	0	0	0	0	0	0	0	0	0	0	0	0	0	0	0	0	0	0	0	0
P32340	Oxidative Phosphorylation	0.0059	0.006875	0.00757	0.00809	0.008494	0.008817	0.009081	0.009302	0.009488	0.009648	0.009786	0.009908	0.010015	0.01011	0.010196	0.010272	0.010342	0.010405	0.010463	0.010517	0.010566	0.010612	0.010654	0.010693	0.01073	0.010768	0.010814	0.010857	0.010897	0.010935	0.010971	0.011005	0.011038	0.011068	0.011098	0.011125	0.011152	0.011177	0.011201	0.011224	0.011247	0.011268	0.011288	0.011308	0.011326	0.011345	0.011362	0.011379	0.011395	0.01141	0.011425	0.01144	0.011454	0.011467	0.011481	0.011493	0.011515	0.011469	0.011182	0.010937	0.010694	0.010452	0.010211	0.009972	0.009735	0.009499	0.009264	0.009031	0.008799	0.008569	0.00834	0.008113	0.007887	0.007663	0.00744	0.007219	0.006999	0.006781	0.006564	0.006349	0.006135
P32473	Other	0.00991	0.011522	0.012688	0.013562	0.014242	0.014785	0.015229	0.015599	0.015912	0.01618	0.016413	0.016617	0.016797	0.016957	0.0171	0.01723	0.017346	0.017453	0.01755	0.01764	0.017723	0.017799	0.01787	0.017936	0.017997	0.018061	0.018138	0.01821	0.018278	0.018341	0.018402	0.018459	0.018513	0.018565	0.018614	0.01866	0.018705	0.018747	0.018788	0.018827	0.018864	0.018899	0.018933	0.018966	0.018997	0.019028	0.019057	0.019085	0.019112	0.019138	0.019163	0.019187	0.019211	0.019233	0.019255	0.019276	0.01906	0.018238	0.017753	0.017338	0.016926	0.016516	0.016109	0.015704	0.015302	0.014902	0.014505	0.01411	0.013718	0.013328	0.01294	0.012555	0.012173	0.011793	0.011415	0.01104	0.010668	0.010298	0.00993	0.009565	0.009203
P32799	Oxidative Phosphorylation	0.002679	0.003082	0.003369	0.003584	0.003752	0.003886	0.003996	0.004088	0.004165	0.004232	0.00429	0.004341	0.004386	0.004426	0.004462	0.004495	0.004524	0.004551	0.004576	0.004599	0.00462	0.00464	0.004658	0.004675	0.004691	0.004708	0.004727	0.004746	0.004764	0.004781	0.004797	0.004812	0.004826	0.00484	0.004853	0.004865	0.004877	0.004888	0.004899	0.00491	0.00492	0.004929	0.004939	0.004947	0.004956	0.004964	0.004972	0.00498	0.004987	0.004995	0.005002	0.005008	0.005015	0.005021	0.005027	0.005033	0.005039	0.004981	0.004848	0.004733	0.004619	0.004506	0.004394	0.004282	0.004171	0.00406	0.00395	0.003841	0.003733	0.003625	0.003518	0.003411	0.003305	0.0032	0.003096	0.002992	0.002889	0.002787	0.002685	0.002584	0.002483
P33315	pentose phosphate // pentose phosphate // pentose phosphate // pentose phosphate	0	0	0	0	0	0	0	0	0	0	0	0	0	0	0	0	0	0	0	0	0	0	0	0	0	0	0	0	0	0	0	0	0	0	0	0	0	0	0	0	0	0	0	0	0	0	0	0	0	0	0	0	0	0	0	0	0	0	0	0	0	0	0	0	0	0	0	0	0	0	0	0	0	0	0	0	0	0	0	0	0
P33401	Galactose metabolism // Galactose metabolism	0	0	0	0	0	0	0	0	0	0	0	0	0	0	0	0	0	0	0	0	0	0	0	0	0	0	0	0	0	0	0	0	0	0	0	0	0	0	0	0	0	0	0	0	0	0	0	0	0	0	0	0	0	0	0	0	0	0	0	0	0	0	0	0	0	0	0	0	0	0	0	0	0	0	0	0	0	0	0	0	0
P33421	TCA // TCA	0.001037	0.001116	0.001173	0.001217	0.001251	0.001278	0.001301	0.001321	0.001338	0.001352	0.001365	0.001377	0.001387	0.001397	0.001405	0.001413	0.001421	0.001428	0.001434	0.00144	0.001446	0.001452	0.001457	0.001462	0.001467	0.001472	0.001478	0.001484	0.00149	0.001495	0.0015	0.001505	0.00151	0.001515	0.001519	0.001524	0.001528	0.001532	0.001536	0.00154	0.001544	0.001548	0.001551	0.001555	0.001558	0.001562	0.001565	0.001568	0.001571	0.001574	0.001577	0.00158	0.001583	0.001586	0.001589	0.001592	0.001584	0.001491	0.001433	0.001382	0.001332	0.001281	0.001231	0.001182	0.001132	0.001083	0.001034	0.000986	0.000937	0.000889	0.000841	0.000794	0.000746	0.000699	0.000652	0.000606	0.00056	0.000513	0.000468	0.000422	0.000377
P37012	Galactose metabolism // Galactose metabolism	0	0	0	0	0	0	0	0	0	0	0	0	0	0	0	0	0	0	0	0	0	0	0	0	0	0	0	0	0	0	0	0	0	0	0	0	0	0	0	0	0	0	0	0	0	0	0	0	0	0	0	0	0	0	0	0	0	0	0	0	0	0	0	0	0	0	0	0	0	0	0	0	0	0	0	0	0	0	0	0	0
P37298	TCA // TCA	0.000952	0.001024	0.001077	0.001116	0.001148	0.001173	0.001194	0.001212	0.001227	0.001241	0.001253	0.001263	0.001273	0.001282	0.00129	0.001297	0.001304	0.00131	0.001316	0.001322	0.001327	0.001332	0.001337	0.001341	0.001346	0.00135	0.001356	0.001361	0.001367	0.001372	0.001377	0.001381	0.001386	0.00139	0.001394	0.001398	0.001402	0.001406	0.00141	0.001413	0.001417	0.00142	0.001423	0.001427	0.00143	0.001433	0.001436	0.001439	0.001442	0.001444	0.001447	0.00145	0.001453	0.001455	0.001458	0.00146	0.001454	0.001368	0.001315	0.001268	0.001222	0.001176	0.00113	0.001084	0.001039	0.000994	0.000949	0.000904	0.00086	0.000816	0.000772	0.000728	0.000685	0.000642	0.000599	0.000556	0.000513	0.000471	0.000429	0.000387	0.000346
P37299	Oxidative Phosphorylation	0.00483	0.005557	0.006075	0.006464	0.006766	0.007008	0.007206	0.007371	0.007511	0.007632	0.007737	0.007828	0.00791	0.007982	0.008047	0.008106	0.008159	0.008208	0.008252	0.008293	0.008331	0.008367	0.0084	0.00843	0.008459	0.008489	0.008525	0.008559	0.008591	0.008621	0.00865	0.008677	0.008703	0.008727	0.008751	0.008773	0.008795	0.008815	0.008835	0.008853	0.008872	0.008889	0.008906	0.008922	0.008937	0.008952	0.008966	0.00898	0.008994	0.009007	0.009019	0.009032	0.009043	0.009055	0.009066	0.009077	0.009086	0.008982	0.008741	0.008535	0.00833	0.008126	0.007923	0.007721	0.007521	0.007321	0.007123	0.006926	0.006731	0.006536	0.006343	0.006151	0.005961	0.005771	0.005583	0.005395	0.00521	0.005025	0.004841	0.004659	0.004478
P38077	Oxidative Phosphorylation	0.015331	0.017628	0.019267	0.020495	0.021451	0.022216	0.022843	0.023366	0.02381	0.024191	0.024522	0.024812	0.025069	0.025299	0.025504	0.02569	0.025859	0.026013	0.026154	0.026285	0.026405	0.026517	0.026621	0.026719	0.026809	0.026904	0.027018	0.027125	0.027227	0.027323	0.027414	0.0275	0.027582	0.02766	0.027734	0.027805	0.027873	0.027938	0.028	0.02806	0.028117	0.028172	0.028225	0.028276	0.028325	0.028373	0.028419	0.028463	0.028505	0.028547	0.028587	0.028625	0.028663	0.028699	0.028735	0.028769	0.0288	0.028562	0.027796	0.02714	0.026487	0.025839	0.025194	0.024553	0.023916	0.023282	0.022653	0.022027	0.021405	0.020787	0.020173	0.019563	0.018957	0.018354	0.017755	0.01716	0.016569	0.015982	0.015399	0.014819	0.014244
P38113	Anaerobic excretion // Anaerobic excretion	0	0	0	0	0	0	0	0	0	0	0	0	0	0	0	0	0	0	0	0	0	0	0	0	0	0	0	0	0	0	0	0	0	0	0	0	0	0	0	0	0	0	0	0	0	0	0	0	0	0	0	0	0	0	0	0	0	0	0	0	0	0	0	0	0	0	0	0	0	0	0	0	0	0	0	0	0	0	0	0	0
P38720	pentose phosphate	0	0.001747	0.002981	0.003896	0.004598	0.005151	0.005597	0.005962	0.006265	0.00652	0.006736	0.006921	0.00708	0.007217	0.007337	0.007441	0.007532	0.007612	0.007682	0.007744	0.007798	0.007846	0.007888	0.007925	0.007957	0.007988	0.008023	0.008053	0.00808	0.008104	0.008125	0.008143	0.008158	0.008172	0.008183	0.008192	0.0082	0.008206	0.00821	0.008213	0.008215	0.008215	0.008214	0.008213	0.00821	0.008207	0.008202	0.008197	0.008191	0.008185	0.008177	0.008169	0.008161	0.008152	0.008143	0.008133	0.00775	0.005062	0.005208	0.005353	0.005498	0.005644	0.005789	0.005935	0.00608	0.006226	0.006371	0.006516	0.006662	0.006807	0.006953	0.007098	0.007243	0.007389	0.007534	0.00768	0.007825	0.007971	0.008116	0.008261	0.008407
P38824	Oxidative Phosphorylation	0	0	0	0	0	0	0	0	0	0	0	0	0	0	0	0	0	0	0	0	0	0	0	0	0	0	0	0	0	0	0	0	0	0	0	0	0	0	0	0	0	0	0	0	0	0	0	0	0	0	0	0	0	0	0	0	0	0	0	0	0	0	0	0	0	0	0	0	0	0	0	0	0	0	0	0	0	0	0	0	0
P38858	pentose phosphate	0	0.003358	0.00573	0.007487	0.008836	0.009899	0.010756	0.011458	0.012041	0.012531	0.012946	0.013301	0.013606	0.013871	0.0141	0.0143	0.014475	0.014629	0.014764	0.014883	0.014987	0.015079	0.01516	0.015231	0.015293	0.015352	0.015418	0.015477	0.015529	0.015574	0.015614	0.015649	0.015679	0.015704	0.015726	0.015744	0.015758	0.01577	0.015778	0.015784	0.015787	0.015788	0.015787	0.015783	0.015778	0.015772	0.015763	0.015753	0.015742	0.015729	0.015715	0.0157	0.015684	0.015667	0.015649	0.01563	0.014906	0.009835	0.010114	0.010394	0.010673	0.010953	0.011232	0.011512	0.011791	0.012071	0.01235	0.01263	0.012909	0.013189	0.013468	0.013747	0.014027	0.014306	0.014586	0.014865	0.015145	0.015424	0.015704	0.015983	0.016263
P40047	Phenylalanine, tyrosine, and tryptophan biosynthesis (aromatic amino acids)	2e-06	0	0	0	0	0	0	0	0	0	0	0	0	0	0	0	0	0	0	0	0	0	0	0	0	0	0	0	0	0	0	0	0	0	0	0	0	0	0	0	0	0	0	0	0	0	0	0	0	0	0	0	0	0	0	0	0	0	0	0	0	0	0	0	0	0	0	0	0	0	0	0	0	0	0	0	0	0	0	0	0
P40106	Anaerobic excretion	0	0	0	0	0	0	0	0	0	0	0	0	0	0	0	0	0	0	0	0	0	0	0	0	0	0	0	0	0	0	0	0	0	0	0	0	0	0	0	0	0	0	0	0	0	0	0	0	0	0	0	0	0	0	0	0	0	0	0	0	0	0	0	0	0	0	0	0	0	0	0	0	0	0	0	0	0	0	0	0	0
P40215	Oxidative Phosphorylation	0	0	0	0	0	0	0	0	0	0	0	0	0	0	0	0	0	0	0	0	0	0	0	0	0	0	0	0	0	0	0	0	0	0	0	0	0	0	0	0	0	0	0	0	0	0	0	0	0	0	0	0	0	0	0	0	0	0	0	0	0	0	0	0	0	0	0	0	0	0	0	0	0	0	0	0	0	0	0	0	0
P41277	Anaerobic excretion	0	0	0	0	0	0	0	0	0	0	0	0	0	0	0	0	0	0	0	0	0	0	0	0	0	0	0	0	0	0	0	0	0	0	0	0	0	0	0	0	0	0	0	0	0	0	0	0	0	0	0	0	0	0	0	0	0	0	0	0	0	0	0	0	0	0	0	0	0	0	0	0	0	0	0	0	0	0	0	0	0
P41911	Anaerobic excretion	0	0	0	0	0	0	0	0	0	0	0	0	0	0	0	0	0	0	0	0	0	0	0	0	0	0	0	0	0	0	0	0	0	0	0	0	0	0	0	0	0	0	0	0	0	0	0	0	0	0	0	0	0	0	0	0	0	0	0	0	0	0	0	0	0	0	0	0	0	0	0	0	0	0	0	0	0	0	0	0	0
P42222	Glycolysis // Glycolysis	0.00212	0.002935	0.003513	0.003943	0.004275	0.004539	0.004752	0.004929	0.005076	0.005202	0.005309	0.005402	0.005482	0.005553	0.005616	0.005671	0.00572	0.005764	0.005804	0.005839	0.005872	0.005901	0.005927	0.005951	0.005973	0.005995	0.00602	0.006044	0.006065	0.006085	0.006104	0.006121	0.006137	0.006151	0.006165	0.006177	0.006189	0.006199	0.006209	0.006218	0.006227	0.006235	0.006242	0.006248	0.006254	0.00626	0.006265	0.00627	0.006274	0.006278	0.006281	0.006284	0.006287	0.00629	0.006292	0.006294	0.006392	0.007367	0.00856	0.009579	0.010592	0.011599	0.0126	0.013595	0.014584	0.015567	0.016544	0.017515	0.01848	0.019438	0.020391	0.021338	0.022279	0.023213	0.024142	0.025065	0.025982	0.026892	0.027797	0.028695	0.029588
P43635	TCA	0	0	0	0	0	0	0	0	0	0	0	0	0	0	0	0	0	0	0	0	0	0	0	0	0	0	0	0	0	0	0	0	0	0	0	0	0	0	0	0	0	0	0	0	0	0	0	0	0	0	0	0	0	0	0	0	0	0	0	0	0	0	0	0	0	0	0	0	0	0	0	0	0	0	0	0	0	0	0	0	0
P46367	Phenylalanine, tyrosine, and tryptophan biosynthesis (aromatic amino acids)	0	0	0	0	0	0	0	0	0	0	0	0	0	0	0	0	0	0	0	0	0	0	0	0	0	0	0	0	0	0	0	0	0	0	0	0	0	0	0	0	0	0	0	0	0	0	0	0	0	0	0	0	0	0	0	0	0	0	0	0	0	0	0	0	0	0	0	0	0	0	0	0	0	0	0	0	0	0	0	0	0
P46969	pentose phosphate // pentose phosphate	0	0.000153	0.000262	0.000342	0.000403	0.000452	0.000491	0.000523	0.00055	0.000572	0.000591	0.000607	0.000621	0.000633	0.000644	0.000653	0.000661	0.000668	0.000674	0.000679	0.000684	0.000688	0.000692	0.000695	0.000698	0.000701	0.000704	0.000707	0.000709	0.000711	0.000713	0.000714	0.000716	0.000717	0.000718	0.000719	0.000719	0.00072	0.00072	0.000721	0.000721	0.000721	0.000721	0.000721	0.00072	0.00072	0.00072	0.000719	0.000719	0.000718	0.000717	0.000717	0.000716	0.000715	0.000714	0.000714	0.000674	0.000393	0.000405	0.000418	0.000431	0.000444	0.000456	0.000469	0.000482	0.000495	0.000507	0.00052	0.000533	0.000546	0.000559	0.000571	0.000584	0.000597	0.00061	0.000622	0.000635	0.000648	0.000661	0.000673	0.000686
P47052	TCA	0	0	0	0	0	0	0	0	0	0	0	0	0	0	0	0	0	0	0	0	0	0	0	0	0	0	0	0	0	0	0	0	0	0	0	0	0	0	0	0	0	0	0	0	0	0	0	0	0	0	0	0	0	0	0	0	0	0	0	0	0	0	0	0	0	0	0	0	0	0	0	0	0	0	0	0	0	0	0	0	0
P47081	Oxidative Phosphorylation	0	0	0	0	0	0	0	0	0	0	0	0	0	0	0	0	0	0	0	0	0	0	0	0	0	0	0	0	0	0	0	0	0	0	0	0	0	0	0	0	0	0	0	0	0	0	0	0	0	0	0	0	0	0	0	0	0	0	0	0	0	0	0	0	0	0	0	0	0	0	0	0	0	0	0	0	0	0	0	0	0
P47771	Phenylalanine, tyrosine, and tryptophan biosynthesis (aromatic amino acids)	0	0	0	0	0	0	0	0	0	0	0	0	0	0	0	0	0	0	0	0	0	0	0	0	0	0	0	0	0	0	0	0	0	0	0	0	0	0	0	0	0	0	0	0	0	0	0	0	0	0	0	0	0	0	0	0	0	0	0	0	0	0	0	0	0	0	0	0	0	0	0	0	0	0	0	0	0	0	0	0	0
P52489	Glycolysis	0	0	0	0	0	0	0	0	0	0	0	0	0	0	0	0	0	0	0	0	0	0	0	0	0	0	0	0	0	0	0	0	0	0	0	0	0	0	0	0	0	0	0	0	0	0	0	0	0	0	0	0	0	0	0	0	0	0	0	0	0	0	0	0	0	0	0	0	0	0	0	0	0	0	0	0	0	0	0	0	0
P52910	Other	0	0.000263	0.000449	0.000586	0.000692	0.000775	0.000842	0.000897	0.000943	0.000981	0.001014	0.001042	0.001066	0.001086	0.001104	0.00112	0.001134	0.001146	0.001156	0.001166	0.001174	0.001181	0.001187	0.001193	0.001198	0.001202	0.001207	0.001212	0.001216	0.00122	0.001223	0.001226	0.001228	0.00123	0.001232	0.001233	0.001234	0.001235	0.001236	0.001236	0.001236	0.001236	0.001236	0.001236	0.001236	0.001235	0.001234	0.001234	0.001233	0.001232	0.001231	0.00123	0.001228	0.001227	0.001226	0.001224	0.001226	0.001247	0.001269	0.001291	0.001313	0.001335	0.001357	0.001379	0.001401	0.001422	0.001444	0.001466	0.001488	0.00151	0.001532	0.001554	0.001576	0.001598	0.001619	0.001641	0.001663	0.001685	0.001707	0.001729	0.001751
P53239	Oxidative Phosphorylation	0	0	0	0	0	0	0	0	0	0	0	0	0	0	0	0	0	0	0	0	0	0	0	0	0	0	0	0	0	0	0	0	0	0	0	0	0	0	0	0	0	0	0	0	0	0	0	0	0	0	0	0	0	0	0	0	0	0	0	0	0	0	0	0	0	0	0	0	0	0	0	0	0	0	0	0	0	0	0	0	0
P53312	TCA	0.002405	0.002586	0.002711	0.002806	0.002882	0.002943	0.002993	0.003037	0.003074	0.003106	0.003135	0.003161	0.003185	0.003206	0.003226	0.003244	0.00326	0.003276	0.003291	0.003305	0.003318	0.00333	0.003342	0.003353	0.003364	0.003376	0.00339	0.003404	0.003417	0.003429	0.003441	0.003453	0.003464	0.003475	0.003486	0.003496	0.003506	0.003515	0.003525	0.003534	0.003542	0.003551	0.003559	0.003568	0.003576	0.003584	0.003591	0.003599	0.003606	0.003613	0.00362	0.003627	0.003634	0.003641	0.003647	0.003654	0.003673	0.003457	0.003322	0.003205	0.003088	0.002971	0.002855	0.00274	0.002626	0.002512	0.002398	0.002285	0.002173	0.002062	0.001951	0.00184	0.00173	0.001621	0.001513	0.001405	0.001297	0.001191	0.001084	0.000979	0.000874
P53315	pentose phosphate	0	0	0	0	0	0	0	0	0	0	0	0	0	0	0	0	0	0	0	0	0	0	0	0	0	0	0	0	0	0	0	0	0	0	0	0	0	0	0	0	0	0	0	0	0	0	0	0	0	0	0	0	0	0	0	0	0	0	0	0	0	0	0	0	0	0	0	0	0	0	0	0	0	0	0	0	0	0	0	0	0
P53319	pentose phosphate	0	0	0	0	0	0	0	0	0	0	0	0	0	0	0	0	0	0	0	0	0	0	0	0	0	0	0	0	0	0	0	0	0	0	0	0	0	0	0	0	0	0	0	0	0	0	0	0	0	0	0	0	0	0	0	0	0	0	0	0	0	0	0	0	0	0	0	0	0	0	0	0	0	0	0	0	0	0	0	0	0
P53598	TCA	0.001796	0.001932	0.002025	0.002096	0.002152	0.002198	0.002236	0.002268	0.002296	0.00232	0.002342	0.002361	0.002379	0.002395	0.002409	0.002423	0.002435	0.002447	0.002458	0.002468	0.002478	0.002488	0.002496	0.002505	0.002513	0.002522	0.002532	0.002542	0.002552	0.002562	0.002571	0.002579	0.002588	0.002596	0.002604	0.002611	0.002619	0.002626	0.002633	0.002639	0.002646	0.002652	0.002659	0.002665	0.002671	0.002677	0.002682	0.002688	0.002694	0.002699	0.002704	0.002709	0.002714	0.002719	0.002724	0.002729	0.002744	0.002582	0.002482	0.002394	0.002306	0.002219	0.002133	0.002047	0.001961	0.001876	0.001791	0.001707	0.001623	0.00154	0.001457	0.001375	0.001293	0.001211	0.00113	0.001049	0.000969	0.000889	0.00081	0.000731	0.000653
P54115	Anaerobic excretion	0	0.000538	0.000917	0.001199	0.001415	0.001585	0.001722	0.001835	0.001928	0.002006	0.002073	0.00213	0.002179	0.002221	0.002258	0.00229	0.002318	0.002342	0.002364	0.002383	0.0024	0.002414	0.002427	0.002439	0.002449	0.002458	0.002469	0.002478	0.002486	0.002494	0.0025	0.002506	0.00251	0.002514	0.002518	0.002521	0.002523	0.002525	0.002526	0.002527	0.002528	0.002528	0.002528	0.002527	0.002526	0.002525	0.002524	0.002522	0.00252	0.002518	0.002516	0.002514	0.002511	0.002508	0.002506	0.002503	0.003827	0.013398	0.013443	0.013488	0.013533	0.013577	0.013622	0.013667	0.013712	0.013756	0.013801	0.013846	0.013891	0.013936	0.01398	0.014025	0.01407	0.014115	0.014159	0.014204	0.014249	0.014294	0.014338	0.014383	0.014428
P61829	Oxidative Phosphorylation	0.003463	0.003982	0.004352	0.00463	0.004846	0.005018	0.00516	0.005278	0.005378	0.005465	0.005539	0.005605	0.005663	0.005715	0.005761	0.005803	0.005841	0.005876	0.005908	0.005937	0.005965	0.00599	0.006014	0.006035	0.006056	0.006077	0.006103	0.006127	0.00615	0.006172	0.006192	0.006212	0.00623	0.006248	0.006265	0.006281	0.006296	0.006311	0.006325	0.006339	0.006351	0.006364	0.006376	0.006387	0.006398	0.006409	0.00642	0.006429	0.006439	0.006448	0.006457	0.006466	0.006475	0.006483	0.006491	0.006499	0.006506	0.006452	0.006279	0.006131	0.005983	0.005837	0.005691	0.005546	0.005402	0.005259	0.005117	0.004976	0.004835	0.004696	0.004557	0.004419	0.004282	0.004146	0.004011	0.003876	0.003743	0.00361	0.003478	0.003348	0.003218
P81449	Oxidative Phosphorylation	0.004854	0.005581	0.0061	0.006489	0.006791	0.007034	0.007232	0.007398	0.007538	0.007659	0.007764	0.007856	0.007937	0.00801	0.008075	0.008134	0.008187	0.008236	0.00828	0.008322	0.00836	0.008395	0.008428	0.008459	0.008488	0.008518	0.008554	0.008588	0.00862	0.00865	0.008679	0.008706	0.008732	0.008757	0.008781	0.008803	0.008825	0.008845	0.008865	0.008884	0.008902	0.008919	0.008936	0.008952	0.008968	0.008983	0.008997	0.009011	0.009025	0.009038	0.009051	0.009063	0.009075	0.009086	0.009097	0.009108	0.009118	0.009043	0.0088	0.008593	0.008386	0.008181	0.007976	0.007773	0.007572	0.007371	0.007172	0.006974	0.006777	0.006581	0.006387	0.006194	0.006002	0.005811	0.005621	0.005433	0.005246	0.00506	0.004875	0.004692	0.00451
P81450	Oxidative Phosphorylation	0.002985	0.003432	0.003751	0.00399	0.004176	0.004325	0.004447	0.004549	0.004636	0.00471	0.004774	0.004831	0.004881	0.004925	0.004965	0.005002	0.005034	0.005064	0.005092	0.005117	0.005141	0.005163	0.005183	0.005202	0.00522	0.005238	0.00526	0.005281	0.005301	0.005319	0.005337	0.005354	0.00537	0.005385	0.0054	0.005413	0.005427	0.005439	0.005451	0.005463	0.005474	0.005485	0.005495	0.005505	0.005515	0.005524	0.005533	0.005541	0.00555	0.005558	0.005566	0.005573	0.00558	0.005588	0.005594	0.005601	0.005607	0.005561	0.005412	0.005284	0.005157	0.005031	0.004905	0.00478	0.004656	0.004533	0.00441	0.004289	0.004167	0.004047	0.003928	0.003809	0.003691	0.003573	0.003457	0.003341	0.003226	0.003112	0.002998	0.002885	0.002773
P81451	Oxidative Phosphorylation	0.003362	0.003866	0.004226	0.004495	0.004705	0.004872	0.00501	0.005125	0.005222	0.005306	0.005378	0.005442	0.005498	0.005548	0.005594	0.005634	0.005671	0.005705	0.005736	0.005765	0.005791	0.005816	0.005839	0.00586	0.00588	0.005901	0.005926	0.005949	0.005971	0.005992	0.006012	0.006031	0.006049	0.006066	0.006083	0.006098	0.006113	0.006127	0.006141	0.006154	0.006167	0.006179	0.00619	0.006202	0.006212	0.006223	0.006233	0.006242	0.006252	0.006261	0.00627	0.006278	0.006286	0.006294	0.006302	0.00631	0.006316	0.006264	0.006096	0.005952	0.005809	0.005667	0.005525	0.005385	0.005245	0.005106	0.004968	0.004831	0.004695	0.004559	0.004424	0.004291	0.004158	0.004025	0.003894	0.003764	0.003634	0.003505	0.003377	0.00325	0.003124
Q00055	Anaerobic excretion	0	0	0	0	0	0	0	0	0	0	0	0	0	0	0	0	0	0	0	0	0	0	0	0	0	0	0	0	0	0	0	0	0	0	0	0	0	0	0	0	0	0	0	0	0	0	0	0	0	0	0	0	0	0	0	0	0	0	0	0	0	0	0	0	0	0	0	0	0	0	0	0	0	0	0	0	0	0	0	0	0
Q00711	TCA	0.0033	0.003553	0.003734	0.003872	0.00398	0.004068	0.004141	0.004203	0.004256	0.004303	0.004344	0.004381	0.004415	0.004445	0.004473	0.004498	0.004522	0.004544	0.004565	0.004584	0.004602	0.00462	0.004637	0.004652	0.004667	0.004684	0.004703	0.004722	0.00474	0.004758	0.004774	0.00479	0.004806	0.004821	0.004835	0.004849	0.004863	0.004876	0.004889	0.004901	0.004913	0.004925	0.004937	0.004948	0.004959	0.004969	0.00498	0.00499	0.005	0.00501	0.00502	0.005029	0.005038	0.005047	0.005056	0.005065	0.005041	0.004745	0.00456	0.004398	0.004238	0.004078	0.003919	0.003761	0.003604	0.003447	0.003292	0.003137	0.002983	0.00283	0.002677	0.002526	0.002375	0.002225	0.002076	0.001928	0.001781	0.001634	0.001488	0.001344	0.001199
Q01519	Oxidative Phosphorylation	0.001745	0.002008	0.002195	0.002336	0.002445	0.002532	0.002604	0.002664	0.002714	0.002758	0.002796	0.002829	0.002858	0.002884	0.002908	0.002929	0.002948	0.002966	0.002982	0.002997	0.003011	0.003023	0.003035	0.003046	0.003057	0.003067	0.00308	0.003093	0.003104	0.003115	0.003126	0.003135	0.003145	0.003154	0.003162	0.00317	0.003178	0.003185	0.003192	0.003199	0.003206	0.003212	0.003218	0.003224	0.003229	0.003235	0.00324	0.003245	0.00325	0.003255	0.003259	0.003264	0.003268	0.003272	0.003276	0.00328	0.003283	0.003246	0.003159	0.003084	0.00301	0.002936	0.002863	0.00279	0.002718	0.002646	0.002574	0.002503	0.002432	0.002362	0.002292	0.002223	0.002154	0.002085	0.002017	0.00195	0.001882	0.001816	0.001749	0.001684	0.001618
Q01574	Other	0	0	0	0	0	0	0	0	0	0	0	0	0	0	0	0	0	0	0	0	0	0	0	0	0	0	0	0	0	0	0	0	0	0	0	0	0	0	0	0	0	0	0	0	0	0	0	0	0	0	0	0	0	0	0	0	0	0	0	0	0	0	0	0	0	0	0	0	0	0	0	0	0	0	0	0	0	0	0	0	0
Q04458	Phenylalanine, tyrosine, and tryptophan biosynthesis (aromatic amino acids)	0	0	0	0	0	0	0	0	0	0	0	0	0	0	0	0	0	0	0	0	0	0	0	0	0	0	0	0	0	0	0	0	0	0	0	0	0	0	0	0	0	0	0	0	0	0	0	0	0	0	0	0	0	0	0	0	0	0	0	0	0	0	0	0	0	0	0	0	0	0	0	0	0	0	0	0	0	0	0	0	0
Q04935	Oxidative Phosphorylation	0	0	0	0	0	0	0	0	0	0	0	0	0	0	0	0	0	0	0	0	0	0	0	0	0	0	0	0	0	0	0	0	0	0	0	0	0	0	0	0	0	0	0	0	0	0	0	0	0	0	0	0	0	0	0	0	0	0	0	0	0	0	0	0	0	0	0	0	0	0	0	0	0	0	0	0	0	0	0	0	0
Q06204	Glycolysis	0	0	0	0	0	0	0	0	0	0	0	0	0	0	0	0	0	0	0	0	0	0	0	0	0	0	0	0	0	0	0	0	0	0	0	0	0	0	0	0	0	0	0	0	0	0	0	0	0	0	0	0	0	0	0	0	0	0	0	0	0	0	0	0	0	0	0	0	0	0	0	0	0	0	0	0	0	0	0	0	0
Q06405	Oxidative Phosphorylation	0.005049	0.005805	0.006345	0.006749	0.007064	0.007316	0.007523	0.007695	0.007841	0.007966	0.008075	0.008171	0.008256	0.008331	0.008399	0.00846	0.008516	0.008566	0.008613	0.008656	0.008696	0.008733	0.008767	0.008799	0.008829	0.00886	0.008897	0.008933	0.008966	0.008998	0.009028	0.009056	0.009083	0.009109	0.009133	0.009157	0.009179	0.0092	0.009221	0.009241	0.009259	0.009278	0.009295	0.009312	0.009328	0.009344	0.009359	0.009373	0.009387	0.009401	0.009414	0.009427	0.009439	0.009451	0.009463	0.009474	0.009484	0.009406	0.009154	0.008938	0.008723	0.008509	0.008297	0.008086	0.007876	0.007667	0.00746	0.007254	0.007049	0.006846	0.006643	0.006442	0.006243	0.006044	0.005847	0.005651	0.005457	0.005263	0.005071	0.00488	0.004691
Q07500	Oxidative Phosphorylation	0	0	0	0	0	0	0	0	0	0	0	0	0	0	0	0	0	0	0	0	0	0	0	0	0	0	0	0	0	0	0	0	0	0	0	0	0	0	0	0	0	0	0	0	0	0	0	0	0	0	0	0	0	0	0	0	0	0	0	0	0	0	0	0	0	0	0	0	0	0	0	0	0	0	0	0	0	0	0	0	0
Q12055	Salvage pathways // Salvage pathways	0	9.9e-05	0.000169	0.00022	0.00026	0.000291	0.000316	0.000337	0.000354	0.000369	0.000381	0.000391	0.0004	0.000408	0.000415	0.000421	0.000426	0.00043	0.000434	0.000438	0.000441	0.000444	0.000446	0.000448	0.00045	0.000452	0.000454	0.000455	0.000457	0.000458	0.000459	0.00046	0.000461	0.000462	0.000463	0.000463	0.000464	0.000464	0.000464	0.000464	0.000464	0.000464	0.000464	0.000464	0.000464	0.000464	0.000464	0.000463	0.000463	0.000463	0.000462	0.000462	0.000461	0.000461	0.00046	0.00046	0.00046	0.000469	0.000477	0.000485	0.000493	0.000501	0.00051	0.000518	0.000526	0.000534	0.000543	0.000551	0.000559	0.000567	0.000575	0.000584	0.000592	0.0006	0.000608	0.000617	0.000625	0.000633	0.000641	0.000649	0.000658
Q12165	Oxidative Phosphorylation	0.007597	0.008735	0.009547	0.010155	0.010629	0.011008	0.011319	0.011578	0.011798	0.011986	0.01215	0.012294	0.012422	0.012535	0.012637	0.012729	0.012813	0.012889	0.012959	0.013024	0.013084	0.013139	0.013191	0.013239	0.013284	0.013331	0.013387	0.01344	0.013491	0.013538	0.013583	0.013626	0.013667	0.013705	0.013742	0.013777	0.013811	0.013843	0.013874	0.013903	0.013932	0.013959	0.013985	0.014011	0.014035	0.014058	0.014081	0.014103	0.014124	0.014145	0.014164	0.014184	0.014202	0.01422	0.014238	0.014255	0.01427	0.014152	0.013773	0.013448	0.013124	0.012803	0.012483	0.012166	0.01185	0.011536	0.011224	0.010914	0.010606	0.0103	0.009996	0.009693	0.009393	0.009094	0.008798	0.008503	0.00821	0.007919	0.00763	0.007343	0.007058
Q12189	pentose phosphate // pentose phosphate	0	0.001524	0.002601	0.003398	0.00401	0.004493	0.004882	0.005201	0.005465	0.005688	0.005876	0.006037	0.006176	0.006296	0.0064	0.006491	0.00657	0.00664	0.006701	0.006755	0.006803	0.006845	0.006881	0.006913	0.006941	0.006968	0.006998	0.007025	0.007049	0.007069	0.007087	0.007103	0.007117	0.007128	0.007138	0.007146	0.007153	0.007158	0.007162	0.007164	0.007166	0.007166	0.007166	0.007164	0.007162	0.007159	0.007155	0.00715	0.007145	0.00714	0.007133	0.007126	0.007119	0.007111	0.007103	0.007095	0.006841	0.005078	0.005205	0.005332	0.005459	0.005585	0.005712	0.005839	0.005966	0.006093	0.00622	0.006347	0.006473	0.0066	0.006727	0.006854	0.006981	0.007108	0.007235	0.007361	0.007488	0.007615	0.007742	0.007869	0.007996
Q12233	Oxidative Phosphorylation	0.005767	0.006631	0.007247	0.007709	0.008069	0.008357	0.008592	0.008789	0.008956	0.0091	0.009224	0.009333	0.00943	0.009516	0.009594	0.009663	0.009727	0.009785	0.009838	0.009887	0.009932	0.009975	0.010014	0.01005	0.010084	0.01012	0.010163	0.010203	0.010241	0.010278	0.010312	0.010344	0.010375	0.010404	0.010432	0.010459	0.010485	0.010509	0.010532	0.010555	0.010576	0.010597	0.010617	0.010636	0.010655	0.010673	0.01069	0.010706	0.010722	0.010738	0.010753	0.010768	0.010782	0.010795	0.010809	0.010822	0.010833	0.010744	0.010456	0.010209	0.009963	0.009719	0.009477	0.009236	0.008996	0.008758	0.008521	0.008286	0.008052	0.007819	0.007588	0.007359	0.007131	0.006904	0.006679	0.006455	0.006233	0.006012	0.005792	0.005574	0.005358
Q12349	Oxidative Phosphorylation	0.006306	0.00725	0.007924	0.008429	0.008822	0.009137	0.009395	0.00961	0.009793	0.009949	0.010085	0.010205	0.010311	0.010405	0.01049	0.010566	0.010635	0.010699	0.010757	0.01081	0.01086	0.010906	0.010949	0.010989	0.011026	0.011065	0.011112	0.011156	0.011198	0.011237	0.011275	0.01131	0.011344	0.011376	0.011407	0.011436	0.011464	0.01149	0.011516	0.011541	0.011564	0.011587	0.011609	0.01163	0.01165	0.011669	0.011688	0.011706	0.011724	0.011741	0.011757	0.011773	0.011789	0.011804	0.011818	0.011832	0.011845	0.011747	0.011432	0.011162	0.010894	0.010627	0.010362	0.010098	0.009836	0.009576	0.009317	0.009059	0.008804	0.00855	0.008297	0.008046	0.007797	0.007549	0.007302	0.007058	0.006815	0.006573	0.006333	0.006095	0.005858
Q3E731	Oxidative Phosphorylation	0	0	0	0	0	0	0	0	0	0	0	0	0	0	0	0	0	0	0	0	0	0	0	0	0	0	0	0	0	0	0	0	0	0	0	0	0	0	0	0	0	0	0	0	0	0	0	0	0	0	0	0	0	0	0	0	0	0	0	0	0	0	0	0	0	0	0	0	0	0	0	0	0	0	0	0	0	0	0	0	0
