enzymes	subSystems	D_0	D_005	D_01	D_015	D_02	D_025	D_03	D_035	D_04	D_045	D_05	D_055	D_06	D_065	D_07	D_075	D_08	D_085	D_09	D_095	D_1	D_105	D_11	D_115	D_12	D_125	D_13	D_135	D_14	D_145	D_15	D_155	D_16	D_165	D_17	D_175	D_18	D_185	D_19	D_195	D_2	D_205	D_21	D_215	D_22	D_225	D_23	D_235	D_24	D_245	D_25	D_255	D_26	D_265	D_27	D_275	D_28	D_285	D_29	D_295	D_3	D_305	D_31	D_315	D_32	D_325	D_33	D_335	D_34	D_345	D_35	D_355	D_36	D_365	D_37	D_375	D_38	D_385	D_39	D_395	D_4
P00127	Oxidative Phosphorylation	0.01971	0.019276	0.019038	0.01889	0.01879	0.018718	0.018665	0.018624	0.018591	0.018566	0.018545	0.018528	0.018514	0.018503	0.018493	0.018486	0.018479	0.018474	0.018469	0.018466	0.018463	0.018461	0.018459	0.018458	0.018457	0.018457	0.018457	0.018457	0.018457	0.018458	0.018459	0.01846	0.018461	0.018463	0.018464	0.018466	0.018468	0.018469	0.018471	0.018473	0.018476	0.018478	0.01848	0.018482	0.018485	0.018487	0.01849	0.018492	0.018495	0.018497	0.0185	0.018502	0.018505	0.018508	0.01851	0.018513	0.018511	0.018473	0.018036	0.017685	0.017251	0.01682	0.016391	0.015964	0.015541	0.015119	0.014701	0.014284	0.013871	0.01346	0.013051	0.012645	0.012238	0.011832	0.01143	0.011029	0.010631	0.010236	0.009844	0.009453	0.009066
P00128	Oxidative Phosphorylation	0.016635	0.016268	0.016068	0.015943	0.015858	0.015798	0.015753	0.015718	0.015691	0.015669	0.015652	0.015638	0.015626	0.015616	0.015608	0.015602	0.015596	0.015592	0.015588	0.015585	0.015583	0.015581	0.015579	0.015578	0.015578	0.015577	0.015577	0.015577	0.015578	0.015578	0.015579	0.01558	0.015581	0.015582	0.015584	0.015585	0.015586	0.015588	0.01559	0.015591	0.015593	0.015595	0.015597	0.015599	0.015601	0.015603	0.015605	0.015607	0.015609	0.015612	0.015614	0.015616	0.015618	0.01562	0.015623	0.015625	0.015623	0.015591	0.015222	0.014926	0.01456	0.014196	0.013834	0.013474	0.013116	0.012761	0.012407	0.012056	0.011707	0.01136	0.011015	0.010672	0.010329	0.009987	0.009647	0.009309	0.008973	0.008639	0.008308	0.007979	0.007652
P00163	Oxidative Phosphorylation	0.049861	0.048762	0.048161	0.047787	0.047534	0.047352	0.047217	0.047113	0.047032	0.046967	0.046914	0.046872	0.046837	0.046808	0.046784	0.046764	0.046747	0.046734	0.046723	0.046714	0.046707	0.046701	0.046697	0.046694	0.046692	0.046691	0.046691	0.046691	0.046692	0.046694	0.046696	0.046699	0.046702	0.046706	0.04671	0.046714	0.046718	0.046723	0.046728	0.046733	0.046739	0.046744	0.04675	0.046756	0.046762	0.046768	0.046774	0.04678	0.046787	0.046793	0.0468	0.046807	0.046813	0.04682	0.046827	0.046834	0.046828	0.046732	0.045627	0.044739	0.043641	0.042549	0.041465	0.040386	0.039314	0.038248	0.037189	0.036136	0.03509	0.03405	0.033016	0.031989	0.030959	0.029933	0.028914	0.027901	0.026895	0.025895	0.024902	0.023915	0.022934
P00330	Anaerobic excretion // Anaerobic excretion	0	0	0	0	0	0	0	0	0	0	0	0	0	0	0	0	0	0	0	0	0	0	0	0	0	0	0	0	0	0	0	0	0	0	0	0	0	0	0	0	0	0	0	0	0	0	0	0	0	0	0	0	0	0	0	0	0	0	0.000199	0.000373	0.000589	0.000805	0.001019	0.001231	0.001443	0.001653	0.001862	0.002069	0.002275	0.00248	0.002683	0.002885	0.003088	0.003291	0.003491	0.003691	0.003889	0.004086	0.004281	0.004475	0.004668
P00358	Glycolysis // Glycolysis	0	0	0	0	0	0	0	0	0	0	0	0	0	0	0	0	0	0	0	0	0	0	0	0	0	0	0	0	0	0	0	0	0	0	0	0	0	0	0	0	0	0	0	0	0	0	0	0	0	0	0	0	0	0	0	0	0	0	0	0	0	0	0	0	0	0	0	0	0	0	0	0	0	0	0	0	0	0	0	0	0
P00359	Glycolysis // Glycolysis	0.030307	0.035892	0.038914	0.040795	0.042069	0.042981	0.043661	0.044182	0.044591	0.044917	0.045181	0.045396	0.045572	0.045718	0.045838	0.045938	0.046021	0.046089	0.046144	0.046189	0.046225	0.046254	0.046275	0.04629	0.0463	0.046305	0.046306	0.046304	0.046298	0.046289	0.046278	0.046264	0.046248	0.04623	0.046211	0.04619	0.046167	0.046143	0.046118	0.046092	0.046065	0.046037	0.046008	0.045979	0.045948	0.045918	0.045886	0.045855	0.045822	0.04579	0.045757	0.045723	0.045689	0.045655	0.045621	0.045587	0.045589	0.048429	0.057127	0.063043	0.070371	0.077656	0.084897	0.092096	0.09925	0.106362	0.11343	0.120455	0.127437	0.134375	0.14127	0.148123	0.154974	0.161798	0.168577	0.175313	0.182006	0.188655	0.19526	0.201822	0.20834
P00360	Glycolysis // Glycolysis	0	0	0	0	0	0	0	0	0	0	0	0	0	0	0	0	0	0	0	0	0	0	0	0	0	0	0	0	0	0	0	0	0	0	0	0	0	0	0	0	0	0	0	0	0	0	0	0	0	0	0	0	0	0	0	0	0	0	0	0	0	0	0	0	0	0	0	0	0	0	0	0	0	0	0	0	0	0	0	0	0
P00401	Oxidative Phosphorylation // Oxidative Phosphorylation	0.021304	0.020834	0.020578	0.020418	0.020309	0.020232	0.020174	0.02013	0.020095	0.020067	0.020045	0.020027	0.020012	0.019999	0.019989	0.01998	0.019973	0.019968	0.019963	0.019959	0.019956	0.019954	0.019952	0.019951	0.01995	0.019949	0.019949	0.019949	0.01995	0.019951	0.019952	0.019953	0.019954	0.019956	0.019957	0.019959	0.019961	0.019963	0.019965	0.019967	0.01997	0.019972	0.019975	0.019977	0.01998	0.019982	0.019985	0.019988	0.01999	0.019993	0.019996	0.019999	0.020002	0.020005	0.020007	0.02001	0.020008	0.019967	0.019495	0.019115	0.018646	0.01818	0.017716	0.017256	0.016797	0.016342	0.01589	0.01544	0.014993	0.014548	0.014107	0.013668	0.013228	0.012789	0.012354	0.011921	0.011491	0.011064	0.01064	0.010218	0.009799
P00410	Oxidative Phosphorylation // Oxidative Phosphorylation	0.01035	0.010122	0.009998	0.00992	0.009867	0.00983	0.009802	0.00978	0.009763	0.00975	0.009739	0.00973	0.009723	0.009717	0.009712	0.009708	0.009704	0.009701	0.009699	0.009697	0.009696	0.009695	0.009694	0.009693	0.009693	0.009692	0.009692	0.009692	0.009693	0.009693	0.009694	0.009694	0.009695	0.009696	0.009696	0.009697	0.009698	0.009699	0.0097	0.009701	0.009702	0.009703	0.009705	0.009706	0.009707	0.009708	0.00971	0.009711	0.009712	0.009714	0.009715	0.009716	0.009718	0.009719	0.009721	0.009722	0.009721	0.009701	0.009472	0.009287	0.009059	0.008833	0.008608	0.008384	0.008161	0.00794	0.00772	0.007501	0.007284	0.007068	0.006854	0.00664	0.006427	0.006214	0.006002	0.005792	0.005583	0.005375	0.005169	0.004964	0.004761
P00420	Oxidative Phosphorylation // Oxidative Phosphorylation	0.011	0.010758	0.010625	0.010542	0.010487	0.010446	0.010417	0.010394	0.010376	0.010361	0.01035	0.010341	0.010333	0.010326	0.010321	0.010317	0.010313	0.01031	0.010308	0.010306	0.010304	0.010303	0.010302	0.010301	0.010301	0.010301	0.010301	0.010301	0.010301	0.010301	0.010302	0.010302	0.010303	0.010304	0.010305	0.010306	0.010307	0.010308	0.010309	0.01031	0.010311	0.010312	0.010314	0.010315	0.010316	0.010318	0.010319	0.01032	0.010322	0.010323	0.010325	0.010326	0.010328	0.010329	0.010331	0.010332	0.010331	0.01031	0.010066	0.00987	0.009628	0.009387	0.009148	0.00891	0.008673	0.008438	0.008204	0.007972	0.007741	0.007512	0.007284	0.007057	0.00683	0.006604	0.006379	0.006155	0.005933	0.005713	0.005494	0.005276	0.00506
P00425	Oxidative Phosphorylation	0.006231	0.006093	0.006018	0.005972	0.00594	0.005917	0.0059	0.005887	0.005877	0.005869	0.005863	0.005857	0.005853	0.005849	0.005846	0.005844	0.005842	0.00584	0.005839	0.005837	0.005837	0.005836	0.005835	0.005835	0.005835	0.005835	0.005835	0.005835	0.005835	0.005835	0.005835	0.005836	0.005836	0.005836	0.005837	0.005837	0.005838	0.005839	0.005839	0.00584	0.005841	0.005841	0.005842	0.005843	0.005843	0.005844	0.005845	0.005846	0.005847	0.005847	0.005848	0.005849	0.00585	0.005851	0.005852	0.005852	0.005852	0.00584	0.005702	0.005591	0.005453	0.005317	0.005181	0.005047	0.004913	0.00478	0.004647	0.004516	0.004385	0.004255	0.004126	0.003997	0.003869	0.003741	0.003613	0.003487	0.003361	0.003236	0.003112	0.002988	0.002866
P00427	Oxidative Phosphorylation	0.006283	0.006145	0.006069	0.006022	0.00599	0.005967	0.00595	0.005937	0.005927	0.005919	0.005912	0.005907	0.005902	0.005898	0.005895	0.005893	0.005891	0.005889	0.005888	0.005887	0.005886	0.005885	0.005884	0.005884	0.005884	0.005884	0.005884	0.005884	0.005884	0.005884	0.005884	0.005885	0.005885	0.005886	0.005886	0.005887	0.005887	0.005888	0.005888	0.005889	0.00589	0.00589	0.005891	0.005892	0.005893	0.005893	0.005894	0.005895	0.005896	0.005897	0.005897	0.005898	0.005899	0.0059	0.005901	0.005902	0.005901	0.005889	0.00575	0.005638	0.005499	0.005362	0.005225	0.005089	0.004954	0.00482	0.004686	0.004554	0.004422	0.004291	0.004161	0.004031	0.003901	0.003772	0.003644	0.003516	0.003389	0.003263	0.003138	0.003014	0.00289
P00549	Glycolysis	0.004923	0.005602	0.005969	0.006198	0.006353	0.006464	0.006546	0.00661	0.006659	0.006699	0.006731	0.006757	0.006778	0.006796	0.006811	0.006823	0.006833	0.006841	0.006848	0.006853	0.006858	0.006861	0.006864	0.006866	0.006867	0.006868	0.006868	0.006867	0.006867	0.006866	0.006864	0.006863	0.006861	0.006858	0.006856	0.006853	0.006851	0.006848	0.006845	0.006842	0.006838	0.006835	0.006831	0.006828	0.006824	0.00682	0.006817	0.006813	0.006809	0.006805	0.006801	0.006797	0.006793	0.006789	0.006784	0.00678	0.006783	0.00724	0.008642	0.009592	0.010771	0.011944	0.013109	0.014268	0.015419	0.016563	0.0177	0.018831	0.019954	0.02107	0.022179	0.023281	0.024383	0.025481	0.026571	0.027654	0.028731	0.0298	0.030862	0.031917	0.032964
P00560	Glycolysis // Glycolysis	0.001746	0.002054	0.002221	0.002325	0.002396	0.002446	0.002484	0.002513	0.002535	0.002553	0.002568	0.00258	0.002589	0.002598	0.002604	0.00261	0.002614	0.002618	0.002621	0.002624	0.002626	0.002627	0.002628	0.002629	0.00263	0.00263	0.00263	0.00263	0.00263	0.002629	0.002628	0.002628	0.002627	0.002626	0.002625	0.002624	0.002622	0.002621	0.00262	0.002618	0.002617	0.002615	0.002614	0.002612	0.00261	0.002609	0.002607	0.002605	0.002603	0.002601	0.0026	0.002598	0.002596	0.002594	0.002592	0.00259	0.002591	0.002754	0.003254	0.003594	0.004016	0.004435	0.004851	0.005265	0.005677	0.006086	0.006492	0.006896	0.007298	0.007697	0.008093	0.008487	0.008881	0.009274	0.009664	0.010051	0.010436	0.010818	0.011198	0.011575	0.01195
P00830	Oxidative Phosphorylation	0.049689	0.048566	0.047955	0.047575	0.047318	0.047133	0.046996	0.046891	0.046808	0.046742	0.046689	0.046645	0.04661	0.04658	0.046556	0.046536	0.046519	0.046505	0.046494	0.046485	0.046478	0.046472	0.046468	0.046465	0.046463	0.046462	0.046461	0.046462	0.046463	0.046465	0.046467	0.04647	0.046473	0.046477	0.046481	0.046485	0.04649	0.046494	0.046499	0.046505	0.04651	0.046516	0.046522	0.046528	0.046534	0.04654	0.046546	0.046553	0.046559	0.046566	0.046573	0.046579	0.046586	0.046593	0.0466	0.046607	0.046673	0.046688	0.045617	0.044726	0.043625	0.042531	0.041443	0.040362	0.039287	0.038218	0.037156	0.0361	0.035051	0.034008	0.032971	0.031941	0.030913	0.02989	0.028872	0.027862	0.026857	0.025859	0.024868	0.023883	0.022904
P00854	Oxidative Phosphorylation	0.026388	0.025792	0.025467	0.025265	0.025129	0.025031	0.024958	0.024902	0.024858	0.024823	0.024795	0.024772	0.024753	0.024737	0.024724	0.024713	0.024705	0.024697	0.024691	0.024686	0.024683	0.02468	0.024677	0.024676	0.024675	0.024674	0.024674	0.024674	0.024675	0.024676	0.024677	0.024678	0.02468	0.024682	0.024684	0.024686	0.024689	0.024691	0.024694	0.024697	0.0247	0.024703	0.024706	0.024709	0.024712	0.024716	0.024719	0.024722	0.024726	0.024729	0.024733	0.024736	0.02474	0.024744	0.024747	0.024751	0.024786	0.024794	0.024226	0.023752	0.023168	0.022587	0.022009	0.021435	0.020864	0.020296	0.019732	0.019171	0.018614	0.01806	0.01751	0.016963	0.016417	0.015873	0.015333	0.014796	0.014263	0.013733	0.013206	0.012683	0.012164
P00856	Oxidative Phosphorylation	0.00528	0.00516	0.005096	0.005055	0.005028	0.005008	0.004994	0.004982	0.004974	0.004967	0.004961	0.004956	0.004953	0.004949	0.004947	0.004945	0.004943	0.004942	0.00494	0.004939	0.004939	0.004938	0.004938	0.004937	0.004937	0.004937	0.004937	0.004937	0.004937	0.004937	0.004937	0.004938	0.004938	0.004938	0.004939	0.004939	0.00494	0.00494	0.004941	0.004941	0.004942	0.004943	0.004943	0.004944	0.004945	0.004945	0.004946	0.004947	0.004947	0.004948	0.004949	0.004949	0.00495	0.004951	0.004952	0.004952	0.004959	0.004961	0.004847	0.004752	0.004635	0.004519	0.004404	0.004289	0.004174	0.004061	0.003948	0.003836	0.003724	0.003614	0.003503	0.003394	0.003285	0.003176	0.003068	0.00296	0.002854	0.002748	0.002642	0.002538	0.002434
P00890	TCA	0.007907	0.007276	0.006933	0.00672	0.006576	0.006472	0.006395	0.006336	0.006289	0.006252	0.006223	0.006198	0.006178	0.006162	0.006148	0.006137	0.006127	0.00612	0.006113	0.006108	0.006104	0.006101	0.006098	0.006097	0.006096	0.006095	0.006095	0.006095	0.006096	0.006097	0.006098	0.0061	0.006102	0.006104	0.006106	0.006108	0.006111	0.006113	0.006116	0.006119	0.006122	0.006125	0.006129	0.006132	0.006135	0.006139	0.006143	0.006146	0.00615	0.006154	0.006157	0.006161	0.006165	0.006169	0.006173	0.006177	0.006075	0.005824	0.005574	0.005418	0.005231	0.005044	0.004859	0.004674	0.004491	0.004308	0.004127	0.003946	0.003767	0.003588	0.00341	0.003234	0.003048	0.002864	0.00268	0.002497	0.002316	0.002135	0.001956	0.001777	0.0016
P00924	Glycolysis // Glycolysis	0	0	0	0	0	0	0	0	0	0	0	0	0	0	0	0	0	0	0	0	0	0	0	0	0	0	0	0	0	0	0	0	0	0	0	0	0	0	0	0	0	0	0	0	0	0	0	0	0	0	0	0	0	0	0	0	0	0	0	0	0	0	0	0	0	0	0	0	0	0	0	0	0	0	0	0	0	0	0	0	0
P00925	Glycolysis // Glycolysis	0	0	0	0	0	0	0	0	0	0	0	0	0	0	0	0	0	0	0	0	0	0	0	0	0	0	0	0	0	0	0	0	0	0	0	0	0	0	0	0	0	0	0	0	0	0	0	0	0	0	0	0	0	0	0	0	0	0	0	0	0	0	0	0	0	0	0	0	0	0	0	0	0	0	0	0	0	0	0	0	0
P00942	Glycolysis // Glycolysis	3.2e-05	3.8e-05	4.1e-05	4.3e-05	4.4e-05	4.5e-05	4.6e-05	4.6e-05	4.7e-05	4.7e-05	4.7e-05	4.7e-05	4.8e-05	4.8e-05	4.8e-05	4.8e-05	4.8e-05	4.8e-05	4.8e-05	4.8e-05	4.8e-05	4.8e-05	4.8e-05	4.8e-05	4.8e-05	4.8e-05	4.8e-05	4.8e-05	4.8e-05	4.8e-05	4.8e-05	4.8e-05	4.8e-05	4.8e-05	4.8e-05	4.8e-05	4.8e-05	4.8e-05	4.8e-05	4.8e-05	4.8e-05	4.8e-05	4.8e-05	4.8e-05	4.8e-05	4.8e-05	4.8e-05	4.8e-05	4.8e-05	4.8e-05	4.8e-05	4.8e-05	4.8e-05	4.8e-05	4.8e-05	4.8e-05	4.7e-05	5.1e-05	6.1e-05	6.7e-05	7.5e-05	8.3e-05	9e-05	9.8e-05	0.000106	0.000113	0.000121	0.000128	0.000136	0.000143	0.000151	0.000158	0.000165	0.000173	0.00018	0.000187	0.000194	0.000201	0.000208	0.000215	0.000222
P00950	Glycolysis // Glycolysis	0.001004	0.001181	0.001277	0.001337	0.001378	0.001407	0.001428	0.001445	0.001458	0.001468	0.001477	0.001483	0.001489	0.001494	0.001497	0.001501	0.001503	0.001505	0.001507	0.001509	0.00151	0.001511	0.001511	0.001512	0.001512	0.001512	0.001512	0.001512	0.001512	0.001512	0.001511	0.001511	0.00151	0.00151	0.001509	0.001509	0.001508	0.001507	0.001506	0.001505	0.001505	0.001504	0.001503	0.001502	0.001501	0.0015	0.001499	0.001498	0.001497	0.001496	0.001495	0.001494	0.001493	0.001492	0.001491	0.001489	0.00149	0.001583	0.001871	0.002067	0.002309	0.00255	0.002789	0.003028	0.003264	0.003499	0.003733	0.003965	0.004196	0.004426	0.004654	0.00488	0.005107	0.005332	0.005557	0.005779	0.006001	0.006221	0.006439	0.006656	0.006871
P04037	Oxidative Phosphorylation	0.006211	0.006074	0.005999	0.005953	0.005921	0.005899	0.005882	0.005869	0.005859	0.005851	0.005844	0.005839	0.005834	0.005831	0.005828	0.005825	0.005823	0.005822	0.00582	0.005819	0.005818	0.005817	0.005817	0.005817	0.005816	0.005816	0.005816	0.005816	0.005816	0.005817	0.005817	0.005817	0.005818	0.005818	0.005819	0.005819	0.00582	0.00582	0.005821	0.005821	0.005822	0.005823	0.005824	0.005824	0.005825	0.005826	0.005827	0.005827	0.005828	0.005829	0.00583	0.005831	0.005831	0.005832	0.005833	0.005834	0.005833	0.005821	0.005684	0.005573	0.005436	0.0053	0.005165	0.005031	0.004897	0.004765	0.004633	0.004501	0.004371	0.004242	0.004113	0.003985	0.003857	0.003729	0.003602	0.003476	0.00335	0.003226	0.003102	0.002979	0.002857
P04039	Oxidative Phosphorylation	0.006454	0.006312	0.006234	0.006186	0.006153	0.006129	0.006112	0.006098	0.006088	0.00608	0.006073	0.006067	0.006063	0.006059	0.006056	0.006053	0.006051	0.006049	0.006048	0.006047	0.006046	0.006045	0.006045	0.006044	0.006044	0.006044	0.006044	0.006044	0.006044	0.006044	0.006044	0.006045	0.006045	0.006046	0.006046	0.006047	0.006047	0.006048	0.006049	0.006049	0.00605	0.006051	0.006051	0.006052	0.006053	0.006054	0.006055	0.006055	0.006056	0.006057	0.006058	0.006059	0.00606	0.006061	0.006061	0.006062	0.006062	0.006049	0.005906	0.005791	0.005649	0.005508	0.005367	0.005228	0.005089	0.004951	0.004814	0.004678	0.004542	0.004407	0.004274	0.004141	0.004007	0.003875	0.003743	0.003612	0.003481	0.003352	0.003223	0.003096	0.002969
P04385	Galactose metabolism	0	0	0	0	0	0	0	0	0	0	0	0	0	0	0	0	0	0	0	0	0	0	0	0	0	0	0	0	0	0	0	0	0	0	0	0	0	0	0	0	0	0	0	0	0	0	0	0	0	0	0	0	0	0	0	0	0	0	0	0	0	0	0	0	0	0	0	0	0	0	0	0	0	0	0	0	0	0	0	0	0
P04397	Galactose metabolism // Galactose metabolism	0	0	0	0	0	0	0	0	0	0	0	0	0	0	0	0	0	0	0	0	0	0	0	0	0	0	0	0	0	0	0	0	0	0	0	0	0	0	0	0	0	0	0	0	0	0	0	0	0	0	0	0	0	0	0	0	0	0	0	0	0	0	0	0	0	0	0	0	0	0	0	0	0	0	0	0	0	0	0	0	0
P04806	Glycolysis	0.002054	0.002968	0.003463	0.003771	0.003979	0.004128	0.00424	0.004325	0.004392	0.004446	0.004489	0.004524	0.004553	0.004577	0.004596	0.004613	0.004626	0.004637	0.004646	0.004654	0.00466	0.004664	0.004668	0.00467	0.004672	0.004673	0.004673	0.004673	0.004672	0.00467	0.004668	0.004666	0.004663	0.00466	0.004657	0.004654	0.00465	0.004646	0.004642	0.004638	0.004633	0.004629	0.004624	0.004619	0.004614	0.004609	0.004604	0.004599	0.004594	0.004588	0.004583	0.004577	0.004572	0.004566	0.004561	0.004555	0.004567	0.004746	0.005325	0.005749	0.006269	0.006787	0.007301	0.007812	0.008321	0.008826	0.009329	0.009828	0.010325	0.010819	0.01131	0.011798	0.012288	0.012776	0.013261	0.013743	0.014222	0.014699	0.015172	0.015643	0.01611
P04807	Glycolysis	0	0	0	0	0	0	0	0	0	0	0	0	0	0	0	0	0	0	0	0	0	0	0	0	0	0	0	0	0	0	0	0	0	0	0	0	0	0	0	0	0	0	0	0	0	0	0	0	0	0	0	0	0	0	0	0	0	0	0	0	0	0	0	0	0	0	0	0	0	0	0	0	0	0	0	0	0	0	0	0	0
P05626	Oxidative Phosphorylation	0.024416	0.023865	0.023565	0.023378	0.023251	0.023161	0.023093	0.023041	0.023001	0.022968	0.022942	0.022921	0.022903	0.022889	0.022877	0.022867	0.022859	0.022852	0.022847	0.022842	0.022839	0.022836	0.022834	0.022832	0.022831	0.022831	0.022831	0.022831	0.022831	0.022832	0.022833	0.022835	0.022836	0.022838	0.02284	0.022842	0.022844	0.022847	0.022849	0.022852	0.022854	0.022857	0.02286	0.022863	0.022866	0.022869	0.022872	0.022875	0.022879	0.022882	0.022885	0.022888	0.022892	0.022895	0.022899	0.022902	0.022935	0.022942	0.022416	0.021978	0.021437	0.020899	0.020365	0.019833	0.019305	0.01878	0.018258	0.017739	0.017223	0.016711	0.016202	0.015695	0.01519	0.014687	0.014187	0.013691	0.013197	0.012707	0.01222	0.011736	0.011255
P06169	Anaerobic excretion	3e-06	0.000372	0.000574	0.0007	0.000785	0.000845	0.000891	0.000926	0.000953	0.000975	0.000992	0.001006	0.001018	0.001028	0.001036	0.001043	0.001048	0.001053	0.001056	0.001059	0.001062	0.001064	0.001065	0.001066	0.001067	0.001067	0.001067	0.001067	0.001067	0.001066	0.001065	0.001064	0.001063	0.001062	0.001061	0.001059	0.001058	0.001056	0.001055	0.001053	0.001051	0.001049	0.001047	0.001045	0.001043	0.001041	0.001039	0.001037	0.001035	0.001033	0.001031	0.001028	0.001026	0.001024	0.001022	0.001019	0.001331	0.003846	0.010218	0.014435	0.019702	0.024938	0.030142	0.035313	0.040452	0.045559	0.050633	0.055676	0.060686	0.065663	0.070609	0.075523	0.080459	0.085374	0.090256	0.095106	0.099923	0.104708	0.10946	0.114179	0.118866
P07143	Oxidative Phosphorylation	0.038895	0.038038	0.037569	0.037277	0.037079	0.036938	0.036832	0.036751	0.036688	0.036637	0.036596	0.036563	0.036536	0.036513	0.036494	0.036479	0.036466	0.036456	0.036447	0.03644	0.036434	0.03643	0.036427	0.036424	0.036423	0.036422	0.036422	0.036422	0.036423	0.036424	0.036426	0.036428	0.036431	0.036434	0.036437	0.03644	0.036443	0.036447	0.036451	0.036455	0.036459	0.036464	0.036468	0.036473	0.036477	0.036482	0.036487	0.036492	0.036497	0.036502	0.036507	0.036512	0.036518	0.036523	0.036528	0.036533	0.036529	0.036454	0.035592	0.034899	0.034043	0.033191	0.032345	0.031504	0.030668	0.029836	0.02901	0.028189	0.027372	0.026561	0.025755	0.024954	0.02415	0.02335	0.022555	0.021765	0.02098	0.0202	0.019425	0.018655	0.01789
P07170	Salvage pathways // Salvage pathways	0	0	0	0	0	0	0	0	0	0	0	0	0	0	0	0	0	0	0	0	0	0	0	0	0	0	0	0	0	0	0	0	0	0	0	0	0	0	0	0	0	0	0	0	0	0	0	0	0	0	0	0	0	0	0	0	0	0	0	0	0	0	0	0	0	0	0	0	0	0	0	0	0	0	0	0	0	0	0	0	0
P07251	Oxidative Phosphorylation	0.053148	0.051947	0.051294	0.050887	0.050612	0.050414	0.050268	0.050155	0.050066	0.049996	0.049939	0.049893	0.049854	0.049823	0.049797	0.049775	0.049757	0.049743	0.049731	0.049721	0.049713	0.049707	0.049703	0.049699	0.049697	0.049696	0.049696	0.049696	0.049698	0.049699	0.049702	0.049705	0.049708	0.049712	0.049716	0.049721	0.049726	0.049731	0.049736	0.049742	0.049748	0.049754	0.04976	0.049767	0.049773	0.04978	0.049786	0.049793	0.0498	0.049807	0.049815	0.049822	0.049829	0.049836	0.049844	0.049851	0.049922	0.049938	0.048793	0.047839	0.046662	0.045492	0.044328	0.043171	0.042021	0.040878	0.039742	0.038613	0.037491	0.036375	0.035266	0.034164	0.033065	0.03197	0.030882	0.029801	0.028727	0.027659	0.026599	0.025545	0.024499
P07255	Oxidative Phosphorylation // Oxidative Phosphorylation	0.002523	0.002467	0.002437	0.002418	0.002405	0.002396	0.002389	0.002384	0.00238	0.002376	0.002374	0.002372	0.00237	0.002368	0.002367	0.002366	0.002365	0.002365	0.002364	0.002364	0.002363	0.002363	0.002363	0.002363	0.002363	0.002363	0.002362	0.002363	0.002363	0.002363	0.002363	0.002363	0.002363	0.002363	0.002363	0.002364	0.002364	0.002364	0.002364	0.002365	0.002365	0.002365	0.002365	0.002366	0.002366	0.002366	0.002367	0.002367	0.002367	0.002368	0.002368	0.002368	0.002369	0.002369	0.002369	0.00237	0.002369	0.002365	0.002309	0.002264	0.002208	0.002153	0.002098	0.002043	0.001989	0.001935	0.001882	0.001828	0.001776	0.001723	0.001671	0.001619	0.001566	0.001515	0.001463	0.001412	0.001361	0.00131	0.00126	0.00121	0.00116
P07256	Oxidative Phosphorylation	0.057366	0.056103	0.055411	0.054981	0.054689	0.05448	0.054325	0.054205	0.054112	0.054037	0.053977	0.053928	0.053887	0.053854	0.053826	0.053803	0.053785	0.053769	0.053756	0.053746	0.053738	0.053731	0.053726	0.053723	0.053721	0.053719	0.053719	0.05372	0.053721	0.053723	0.053726	0.053729	0.053733	0.053737	0.053741	0.053746	0.053751	0.053757	0.053762	0.053768	0.053774	0.053781	0.053787	0.053794	0.053801	0.053808	0.053815	0.053823	0.05383	0.053837	0.053845	0.053853	0.05386	0.053868	0.053876	0.053884	0.053877	0.053767	0.052496	0.051473	0.05021	0.048955	0.047706	0.046466	0.045232	0.044006	0.042787	0.041576	0.040372	0.039176	0.037986	0.036804	0.03562	0.034439	0.033267	0.032101	0.030944	0.029793	0.02865	0.027515	0.026387
P07257	Oxidative Phosphorylation	0.046231	0.045213	0.044655	0.044308	0.044073	0.043905	0.04378	0.043684	0.043608	0.043548	0.043499	0.04346	0.043427	0.0434	0.043378	0.04336	0.043344	0.043332	0.043322	0.043313	0.043307	0.043302	0.043298	0.043295	0.043293	0.043292	0.043292	0.043292	0.043293	0.043295	0.043297	0.0433	0.043303	0.043306	0.043309	0.043313	0.043317	0.043322	0.043326	0.043331	0.043336	0.043341	0.043347	0.043352	0.043358	0.043363	0.043369	0.043375	0.043381	0.043387	0.043393	0.043399	0.043406	0.043412	0.043418	0.043424	0.043419	0.043331	0.042306	0.041482	0.040464	0.039452	0.038446	0.037446	0.036452	0.035464	0.034482	0.033506	0.032535	0.031571	0.030613	0.02966	0.028705	0.027754	0.026809	0.02587	0.024937	0.02401	0.023089	0.022174	0.021265
P08067	Oxidative Phosphorylation	0.026686	0.026098	0.025776	0.025576	0.02544	0.025343	0.025271	0.025215	0.025172	0.025137	0.025109	0.025086	0.025067	0.025052	0.025039	0.025028	0.02502	0.025012	0.025006	0.025002	0.024998	0.024995	0.024993	0.024991	0.02499	0.024989	0.024989	0.024989	0.02499	0.024991	0.024992	0.024994	0.024995	0.024997	0.024999	0.025002	0.025004	0.025007	0.025009	0.025012	0.025015	0.025018	0.025021	0.025024	0.025027	0.025031	0.025034	0.025037	0.025041	0.025044	0.025048	0.025051	0.025055	0.025058	0.025062	0.025066	0.025063	0.025012	0.02442	0.023944	0.023357	0.022773	0.022192	0.021615	0.021041	0.020471	0.019904	0.01934	0.01878	0.018224	0.017671	0.017121	0.01657	0.016021	0.015475	0.014933	0.014394	0.013859	0.013328	0.012799	0.012275
P08417	TCA // TCA	0.001075	0.000984	0.000934	0.000904	0.000883	0.000868	0.000856	0.000848	0.000841	0.000836	0.000832	0.000828	0.000825	0.000823	0.000821	0.000819	0.000818	0.000817	0.000816	0.000815	0.000814	0.000814	0.000814	0.000813	0.000813	0.000813	0.000813	0.000813	0.000813	0.000813	0.000814	0.000814	0.000814	0.000814	0.000815	0.000815	0.000815	0.000816	0.000816	0.000817	0.000817	0.000818	0.000818	0.000818	0.000819	0.000819	0.00082	0.00082	0.000821	0.000822	0.000822	0.000823	0.000823	0.000824	0.000824	0.000825	0.000811	0.000777	0.000743	0.000721	0.000695	0.00067	0.000644	0.000619	0.000594	0.000569	0.000544	0.000519	0.000494	0.00047	0.000445	0.000421	0.000395	0.00037	0.000345	0.00032	0.000295	0.00027	0.000245	0.000221	0.000196
P08431	Galactose metabolism // Galactose metabolism	0	0	0	0	0	0	0	0	0	0	0	0	0	0	0	0	0	0	0	0	0	0	0	0	0	0	0	0	0	0	0	0	0	0	0	0	0	0	0	0	0	0	0	0	0	0	0	0	0	0	0	0	0	0	0	0	0	0	0	0	0	0	0	0	0	0	0	0	0	0	0	0	0	0	0	0	0	0	0	0	0
P08525	Oxidative Phosphorylation	0.012534	0.012258	0.012107	0.012013	0.011949	0.011904	0.01187	0.011844	0.011823	0.011807	0.011794	0.011783	0.011774	0.011767	0.011761	0.011756	0.011752	0.011748	0.011745	0.011743	0.011741	0.01174	0.011739	0.011738	0.011738	0.011737	0.011737	0.011737	0.011738	0.011738	0.011739	0.011739	0.01174	0.011741	0.011742	0.011743	0.011744	0.011746	0.011747	0.011748	0.011749	0.011751	0.011752	0.011754	0.011755	0.011757	0.011758	0.01176	0.011762	0.011763	0.011765	0.011767	0.011768	0.01177	0.011772	0.011773	0.011772	0.011748	0.01147	0.011247	0.010971	0.010696	0.010424	0.010152	0.009883	0.009615	0.009349	0.009084	0.008821	0.00856	0.0083	0.008042	0.007783	0.007525	0.007269	0.007014	0.006761	0.00651	0.00626	0.006012	0.005765
P09201	Glycolysis	0	0	0	0	0	0	0	0	0	0	0	0	0	0	0	0	0	0	0	0	0	0	0	0	0	0	0	0	0	0	0	0	0	0	0	0	0	0	0	0	0	0	0	0	0	0	0	0	0	0	0	0	0	0	0	0	0	0	0	0	0	0	0	0	0	0	0	0	0	0	0	0	0	0	0	0	0	0	0	0	0
P09457	Oxidative Phosphorylation	0.020689	0.020221	0.019967	0.019809	0.019701	0.019625	0.019568	0.019524	0.019489	0.019462	0.01944	0.019422	0.019407	0.019394	0.019384	0.019376	0.019369	0.019363	0.019359	0.019355	0.019352	0.019349	0.019348	0.019346	0.019345	0.019345	0.019345	0.019345	0.019346	0.019346	0.019347	0.019348	0.01935	0.019351	0.019353	0.019355	0.019357	0.019359	0.019361	0.019363	0.019365	0.019368	0.01937	0.019372	0.019375	0.019378	0.01938	0.019383	0.019386	0.019388	0.019391	0.019394	0.019397	0.0194	0.019403	0.019405	0.019433	0.019439	0.018994	0.018622	0.018164	0.017708	0.017255	0.016805	0.016358	0.015913	0.01547	0.015031	0.014594	0.01416	0.013728	0.013299	0.012871	0.012445	0.012021	0.011601	0.011182	0.010767	0.010354	0.009944	0.009537
P09624	Other	0.027151	0.026832	0.026697	0.026613	0.026556	0.026515	0.026485	0.026462	0.026443	0.026429	0.026417	0.026407	0.026399	0.026393	0.026388	0.026383	0.026379	0.026376	0.026374	0.026372	0.02637	0.026369	0.026368	0.026367	0.026367	0.026367	0.026367	0.026367	0.026367	0.026367	0.026368	0.026368	0.026369	0.02637	0.026371	0.026372	0.026373	0.026374	0.026375	0.026376	0.026377	0.026379	0.02638	0.026381	0.026383	0.026384	0.026385	0.026387	0.026388	0.02639	0.026391	0.026393	0.026394	0.026396	0.026397	0.026399	0.026137	0.024998	0.024227	0.02378	0.023224	0.022672	0.022123	0.021577	0.021035	0.020496	0.01996	0.019427	0.018898	0.018373	0.017851	0.017332	0.016783	0.016236	0.015694	0.015154	0.014618	0.014086	0.013557	0.013032	0.01251
P0CX10	Glycolysis // Glycolysis	0	0	0	0	0	0	0	0	0	0	0	0	0	0	0	0	0	0	0	0	0	0	0	0	0	0	0	0	0	0	0	0	0	0	0	0	0	0	0	0	0	0	0	0	0	0	0	0	0	0	0	0	0	0	0	0	0	0	0	0	0	0	0	0	0	0	0	0	0	0	0	0	0	0	0	0	0	0	0	0	0
P0CX11	Glycolysis // Glycolysis	0	0	0	0	0	0	0	0	0	0	0	0	0	0	0	0	0	0	0	0	0	0	0	0	0	0	0	0	0	0	0	0	0	0	0	0	0	0	0	0	0	0	0	0	0	0	0	0	0	0	0	0	0	0	0	0	0	0	0	0	0	0	0	0	0	0	0	0	0	0	0	0	0	0	0	0	0	0	0	0	0
P10174	Oxidative Phosphorylation	0.002512	0.002456	0.002426	0.002407	0.002395	0.002385	0.002379	0.002373	0.002369	0.002366	0.002363	0.002361	0.002359	0.002358	0.002357	0.002356	0.002355	0.002354	0.002354	0.002353	0.002353	0.002353	0.002352	0.002352	0.002352	0.002352	0.002352	0.002352	0.002352	0.002352	0.002352	0.002352	0.002353	0.002353	0.002353	0.002353	0.002353	0.002354	0.002354	0.002354	0.002354	0.002355	0.002355	0.002355	0.002356	0.002356	0.002356	0.002357	0.002357	0.002357	0.002358	0.002358	0.002358	0.002359	0.002359	0.002359	0.002359	0.002354	0.002298	0.002254	0.002198	0.002143	0.002089	0.002034	0.00198	0.001927	0.001873	0.00182	0.001768	0.001715	0.001663	0.001611	0.00156	0.001508	0.001457	0.001406	0.001355	0.001304	0.001254	0.001205	0.001155
P10963	Other	0	0	0	0	0	0	0	0	0	0	0	0	0	0	0	0	0	0	0	0	0	0	0	0	0	0	0	0	0	0	0	0	0	0	0	0	0	0	0	0	0	0	0	0	0	0	0	0	0	0	0	0	0	0	0	0	0	0	0	0	0	0	0	0	0	0	0	0	0	0	0	0	0	0	0	0	0	0	0	0	0
P11154	TCA	0	0.003203	0.004866	0.005902	0.006603	0.007105	0.007479	0.007767	0.007992	0.008171	0.008316	0.008435	0.008532	0.008612	0.008678	0.008733	0.008779	0.008816	0.008847	0.008872	0.008891	0.008907	0.008919	0.008927	0.008932	0.008935	0.008936	0.008935	0.008931	0.008927	0.00892	0.008913	0.008904	0.008894	0.008883	0.008872	0.008859	0.008846	0.008832	0.008818	0.008803	0.008788	0.008772	0.008756	0.008739	0.008722	0.008705	0.008687	0.00867	0.008652	0.008633	0.008615	0.008596	0.008578	0.008559	0.00854	0.008341	0.008916	0.009072	0.009228	0.009385	0.009541	0.009698	0.009854	0.010011	0.010167	0.010324	0.01048	0.010637	0.010793	0.01095	0.011106	0.011262	0.011419	0.011575	0.011732	0.011888	0.012045	0.012201	0.012358	0.012514
P11412	pentose phosphate	0	0.00019	0.000292	0.000356	0.0004	0.000431	0.000454	0.000472	0.000485	0.000497	0.000506	0.000513	0.000519	0.000524	0.000528	0.000531	0.000534	0.000536	0.000538	0.00054	0.000541	0.000542	0.000543	0.000543	0.000544	0.000544	0.000544	0.000544	0.000544	0.000543	0.000543	0.000542	0.000542	0.000541	0.000541	0.00054	0.000539	0.000538	0.000537	0.000537	0.000536	0.000535	0.000534	0.000533	0.000532	0.000531	0.00053	0.000528	0.000527	0.000526	0.000525	0.000524	0.000523	0.000522	0.000521	0.000519	0.000564	0.000502	0.00041	0.000414	0.000416	0.000419	0.000422	0.000425	0.000428	0.000431	0.000434	0.000437	0.00044	0.000443	0.000447	0.00045	0.000459	0.000468	0.000477	0.000486	0.000495	0.000505	0.000514	0.000523	0.000532
P12695	Other	0.00189	0.001868	0.001859	0.001853	0.001849	0.001846	0.001844	0.001842	0.001841	0.00184	0.001839	0.001838	0.001838	0.001837	0.001837	0.001837	0.001836	0.001836	0.001836	0.001836	0.001836	0.001836	0.001836	0.001836	0.001836	0.001836	0.001836	0.001836	0.001836	0.001836	0.001836	0.001836	0.001836	0.001836	0.001836	0.001836	0.001836	0.001836	0.001836	0.001836	0.001836	0.001836	0.001836	0.001837	0.001837	0.001837	0.001837	0.001837	0.001837	0.001837	0.001837	0.001837	0.001837	0.001838	0.001838	0.001838	0.00182	0.00174	0.001687	0.001655	0.001617	0.001578	0.00154	0.001502	0.001464	0.001427	0.00139	0.001352	0.001316	0.001279	0.001243	0.001207	0.001168	0.00113	0.001093	0.001055	0.001018	0.000981	0.000944	0.000907	0.000871
P12709	Glycolysis // Glycolysis	0.000937	0.001052	0.001114	0.001152	0.001178	0.001197	0.001211	0.001221	0.00123	0.001237	0.001242	0.001246	0.00125	0.001253	0.001255	0.001257	0.001259	0.001261	0.001262	0.001263	0.001263	0.001264	0.001264	0.001265	0.001265	0.001265	0.001265	0.001265	0.001265	0.001265	0.001264	0.001264	0.001264	0.001263	0.001263	0.001263	0.001262	0.001262	0.001261	0.001261	0.00126	0.00126	0.001259	0.001258	0.001258	0.001257	0.001256	0.001256	0.001255	0.001254	0.001254	0.001253	0.001252	0.001252	0.001251	0.00125	0.001213	0.001353	0.001703	0.001887	0.002116	0.002344	0.00257	0.002795	0.003018	0.00324	0.003461	0.00368	0.003898	0.004115	0.00433	0.004544	0.004753	0.004961	0.005168	0.005374	0.005578	0.00578	0.005982	0.006182	0.006381
P14540	Glycolysis // Glycolysis	0.012765	0.014989	0.016193	0.016942	0.017449	0.017812	0.018083	0.01829	0.018453	0.018583	0.018688	0.018773	0.018844	0.018902	0.01895	0.01899	0.019022	0.019049	0.019072	0.01909	0.019104	0.019115	0.019124	0.01913	0.019134	0.019136	0.019136	0.019135	0.019133	0.019129	0.019125	0.019119	0.019113	0.019106	0.019098	0.01909	0.019081	0.019071	0.019061	0.019051	0.01904	0.019029	0.019017	0.019006	0.018994	0.018981	0.018969	0.018956	0.018943	0.01893	0.018917	0.018904	0.01889	0.018877	0.018863	0.01885	0.018748	0.020087	0.023972	0.02647	0.029564	0.03264	0.035698	0.038737	0.041758	0.044761	0.047745	0.050712	0.05366	0.056589	0.0595	0.062394	0.065273	0.068141	0.07099	0.073821	0.076634	0.079428	0.082204	0.084962	0.087701
P15019	pentose phosphate // pentose phosphate	0	0.000719	0.001108	0.001351	0.001515	0.001632	0.00172	0.001787	0.00184	0.001882	0.001916	0.001944	0.001966	0.001985	0.002001	0.002013	0.002024	0.002033	0.00204	0.002046	0.00205	0.002054	0.002057	0.002059	0.00206	0.002061	0.002061	0.002061	0.00206	0.002059	0.002057	0.002055	0.002053	0.002051	0.002049	0.002046	0.002043	0.00204	0.002037	0.002033	0.00203	0.002026	0.002022	0.002019	0.002015	0.002011	0.002007	0.002003	0.001999	0.001994	0.00199	0.001986	0.001981	0.001977	0.001973	0.001968	0.00214	0.001904	0.00155	0.001564	0.001575	0.001586	0.001597	0.001608	0.001619	0.00163	0.001641	0.001653	0.001664	0.001676	0.001688	0.0017	0.001734	0.001769	0.001803	0.001838	0.001873	0.001907	0.001942	0.001977	0.002011
P16387	Other	0.023297	0.023023	0.022907	0.022835	0.022786	0.022751	0.022725	0.022705	0.02269	0.022677	0.022667	0.022659	0.022652	0.022646	0.022642	0.022638	0.022635	0.022632	0.02263	0.022628	0.022627	0.022626	0.022625	0.022624	0.022624	0.022624	0.022624	0.022624	0.022624	0.022624	0.022625	0.022625	0.022626	0.022627	0.022627	0.022628	0.022629	0.02263	0.022631	0.022632	0.022633	0.022634	0.022635	0.022636	0.022638	0.022639	0.02264	0.022641	0.022642	0.022644	0.022645	0.022646	0.022647	0.022649	0.02265	0.022651	0.022427	0.02145	0.020788	0.020404	0.019927	0.019453	0.018982	0.018514	0.018049	0.017586	0.017126	0.01667	0.016216	0.015765	0.015317	0.014871	0.014401	0.013932	0.013466	0.013003	0.012543	0.012086	0.011632	0.011182	0.010734
P16451	Other	0.001655	0.001635	0.001627	0.001622	0.001618	0.001616	0.001614	0.001613	0.001612	0.001611	0.00161	0.001609	0.001609	0.001608	0.001608	0.001608	0.001608	0.001607	0.001607	0.001607	0.001607	0.001607	0.001607	0.001607	0.001607	0.001607	0.001607	0.001607	0.001607	0.001607	0.001607	0.001607	0.001607	0.001607	0.001607	0.001607	0.001607	0.001607	0.001607	0.001607	0.001607	0.001608	0.001608	0.001608	0.001608	0.001608	0.001608	0.001608	0.001608	0.001608	0.001608	0.001608	0.001609	0.001609	0.001609	0.001609	0.001593	0.001523	0.001476	0.001449	0.001415	0.001382	0.001348	0.001315	0.001282	0.001249	0.001216	0.001184	0.001152	0.00112	0.001088	0.001056	0.001023	0.000989	0.000956	0.000924	0.000891	0.000858	0.000826	0.000794	0.000762
P16467	Anaerobic excretion	0	0	0	0	0	0	0	0	0	0	0	0	0	0	0	0	0	0	0	0	0	0	0	0	0	0	0	0	0	0	0	0	0	0	0	0	0	0	0	0	0	0	0	0	0	0	0	0	0	0	0	0	0	0	0	0	0	0	0	0	0	0	0	0	0	0	0	0	0	0	0	0	0	0	0	0	0	0	0	0	0
P16861	Glycolysis	0	0	0	0	0	0	0	0	0	0	0	0	0	0	0	0	0	0	0	0	0	0	0	0	0	0	0	0	0	0	0	0	0	0	0	0	0	0	0	0	0	0	0	0	0	0	0	0	0	0	0	0	0	0	0	0	0	0	0	0	0	0	0	0	0	0	0	0	0	0	0	0	0	0	0	0	0	0	0	0	0
P16862	Glycolysis // Glycolysis	0.003068	0.003603	0.003892	0.004072	0.004194	0.004282	0.004347	0.004397	0.004436	0.004467	0.004492	0.004513	0.00453	0.004544	0.004555	0.004565	0.004573	0.004579	0.004584	0.004589	0.004592	0.004595	0.004597	0.004598	0.004599	0.0046	0.0046	0.0046	0.004599	0.004598	0.004597	0.004596	0.004594	0.004593	0.004591	0.004589	0.004587	0.004584	0.004582	0.004579	0.004577	0.004574	0.004571	0.004569	0.004566	0.004563	0.00456	0.004557	0.004554	0.00455	0.004547	0.004544	0.004541	0.004538	0.004534	0.004531	0.004507	0.004829	0.005762	0.006363	0.007107	0.007846	0.008581	0.009312	0.010038	0.01076	0.011477	0.01219	0.012899	0.013603	0.014303	0.014998	0.01569	0.01638	0.017065	0.017745	0.018421	0.019093	0.01976	0.020423	0.021082
P17505	TCA // TCA	0.00392	0.003591	0.003419	0.003311	0.003238	0.003186	0.003148	0.003118	0.003094	0.003076	0.003061	0.003048	0.003038	0.00303	0.003023	0.003017	0.003013	0.003009	0.003006	0.003003	0.003001	0.002999	0.002998	0.002997	0.002997	0.002996	0.002996	0.002996	0.002997	0.002997	0.002998	0.002999	0.003	0.003001	0.003002	0.003003	0.003004	0.003006	0.003007	0.003009	0.00301	0.003012	0.003013	0.003015	0.003017	0.003019	0.00302	0.003022	0.003024	0.003026	0.003028	0.00303	0.003032	0.003034	0.003035	0.003037	0.003002	0.002833	0.002708	0.002629	0.002536	0.002442	0.002349	0.002257	0.002165	0.002073	0.001982	0.001892	0.001802	0.001712	0.001623	0.001535	0.001442	0.001349	0.001257	0.001166	0.001075	0.000984	0.000894	0.000805	0.000716
P17709	Glycolysis	0	0	0	0	0	0	0	0	0	0	0	0	0	0	0	0	0	0	0	0	0	0	0	0	0	0	0	0	0	0	0	0	0	0	0	0	0	0	0	0	0	0	0	0	0	0	0	0	0	0	0	0	0	0	0	0	0	0	0	0	0	0	0	0	0	0	0	0	0	0	0	0	0	0	0	0	0	0	0	0	0
P19414	TCA // TCA	0.012473	0.011478	0.010938	0.010601	0.010373	0.01021	0.010088	0.009995	0.009922	0.009863	0.009816	0.009778	0.009746	0.00972	0.009699	0.009681	0.009666	0.009654	0.009644	0.009636	0.009629	0.009624	0.009621	0.009618	0.009616	0.009615	0.009615	0.009615	0.009616	0.009618	0.00962	0.009622	0.009625	0.009628	0.009632	0.009636	0.00964	0.009644	0.009649	0.009653	0.009658	0.009663	0.009668	0.009673	0.009679	0.009684	0.00969	0.009696	0.009701	0.009707	0.009713	0.009719	0.009725	0.009731	0.009737	0.009744	0.009584	0.009187	0.008792	0.008547	0.008251	0.007957	0.007665	0.007374	0.007084	0.006796	0.00651	0.006225	0.005942	0.00566	0.00538	0.005101	0.004809	0.004518	0.004228	0.00394	0.003653	0.003368	0.003085	0.002803	0.002523
P19516	Oxidative Phosphorylation	0	0	0	0	0	0	0	0	0	0	0	0	0	0	0	0	0	0	0	0	0	0	0	0	0	0	0	0	0	0	0	0	0	0	0	0	0	0	0	0	0	0	0	0	0	0	0	0	0	0	0	0	0	0	0	0	0	0	0	0	0	0	0	0	0	0	0	0	0	0	0	0	0	0	0	0	0	0	0	0	0
P20967	TCA	0.086174	0.078775	0.074621	0.072036	0.070286	0.069032	0.068098	0.067381	0.066819	0.066371	0.066009	0.065714	0.065471	0.065271	0.065105	0.064968	0.064855	0.064761	0.064685	0.064623	0.064573	0.064535	0.064505	0.064485	0.064471	0.064464	0.064462	0.064466	0.064474	0.064486	0.064501	0.06452	0.064542	0.064567	0.064594	0.064623	0.064654	0.064686	0.064721	0.064757	0.064794	0.064832	0.064872	0.064912	0.064954	0.064996	0.065039	0.065083	0.065127	0.065172	0.065218	0.065264	0.06531	0.065357	0.065404	0.065451	0.064024	0.062257	0.05951	0.057793	0.05573	0.053677	0.051634	0.049603	0.047582	0.045571	0.043571	0.041582	0.039604	0.037636	0.035678	0.033733	0.031692	0.029658	0.027635	0.025623	0.023623	0.021633	0.019655	0.017688	0.015733
P21306	Oxidative Phosphorylation	0.006114	0.005976	0.005901	0.005854	0.005823	0.0058	0.005783	0.00577	0.00576	0.005752	0.005745	0.00574	0.005735	0.005732	0.005729	0.005726	0.005724	0.005723	0.005721	0.00572	0.005719	0.005719	0.005718	0.005718	0.005717	0.005717	0.005717	0.005717	0.005717	0.005718	0.005718	0.005718	0.005719	0.005719	0.00572	0.00572	0.005721	0.005721	0.005722	0.005723	0.005723	0.005724	0.005725	0.005725	0.005726	0.005727	0.005728	0.005728	0.005729	0.00573	0.005731	0.005732	0.005733	0.005733	0.005734	0.005735	0.005743	0.005745	0.005613	0.005504	0.005368	0.005234	0.0051	0.004967	0.004834	0.004703	0.004572	0.004442	0.004313	0.004185	0.004057	0.00393	0.003804	0.003678	0.003553	0.003428	0.003305	0.003182	0.00306	0.002939	0.002818
P21801	TCA // TCA	0.002886	0.002641	0.002508	0.002425	0.002369	0.002329	0.002299	0.002276	0.002258	0.002244	0.002232	0.002223	0.002215	0.002209	0.002203	0.002199	0.002195	0.002192	0.00219	0.002188	0.002186	0.002185	0.002184	0.002183	0.002183	0.002183	0.002183	0.002183	0.002183	0.002183	0.002184	0.002184	0.002185	0.002186	0.002187	0.002188	0.002189	0.00219	0.002191	0.002192	0.002193	0.002194	0.002196	0.002197	0.002198	0.0022	0.002201	0.002202	0.002204	0.002205	0.002207	0.002208	0.00221	0.002211	0.002213	0.002214	0.002177	0.002085	0.001993	0.001936	0.001867	0.001798	0.00173	0.001662	0.001594	0.001526	0.001459	0.001393	0.001327	0.001261	0.001195	0.00113	0.001062	0.000993	0.000926	0.000858	0.000791	0.000725	0.000658	0.000593	0.000527
P21826	Anaplerotic reactions 	0	0	0	0	0	0	0	0	0	0	0	0	0	0	0	0	0	0	0	0	0	0	0	0	0	0	0	0	0	0	0	0	0	0	0	0	0	0	0	0	0	0	0	0	0	0	0	0	0	0	0	0	0	0	0	0	0	0	0	0	0	0	0	0	0	0	0	0	0	0	0	0	0	0	0	0	0	0	0	0	0
P21954	TCA // TCA	0.036036	0.033126	0.031489	0.03047	0.02978	0.029286	0.028918	0.028635	0.028414	0.028237	0.028094	0.027978	0.027882	0.027804	0.027738	0.027684	0.027639	0.027603	0.027572	0.027548	0.027529	0.027513	0.027502	0.027494	0.027488	0.027485	0.027485	0.027486	0.027489	0.027494	0.0275	0.027508	0.027516	0.027526	0.027537	0.027548	0.02756	0.027573	0.027587	0.027601	0.027616	0.027631	0.027646	0.027662	0.027679	0.027695	0.027712	0.027729	0.027747	0.027765	0.027783	0.027801	0.027819	0.027837	0.027856	0.027875	0.027276	0.026541	0.025401	0.024692	0.023838	0.022988	0.022143	0.021302	0.020466	0.019634	0.018807	0.017984	0.017165	0.016351	0.015541	0.014737	0.013892	0.01305	0.012213	0.011381	0.010553	0.00973	0.008912	0.008098	0.007289
P22289	Oxidative Phosphorylation	0.008539	0.008351	0.008248	0.008184	0.00814	0.008109	0.008086	0.008068	0.008054	0.008043	0.008034	0.008027	0.008021	0.008016	0.008012	0.008009	0.008006	0.008003	0.008002	0.008	0.007999	0.007998	0.007997	0.007997	0.007996	0.007996	0.007996	0.007996	0.007996	0.007997	0.007997	0.007997	0.007998	0.007999	0.007999	0.008	0.008001	0.008002	0.008002	0.008003	0.008004	0.008005	0.008006	0.008007	0.008008	0.008009	0.00801	0.008011	0.008012	0.008014	0.008015	0.008016	0.008017	0.008018	0.008019	0.008021	0.008019	0.008003	0.007814	0.007662	0.007474	0.007287	0.007101	0.006916	0.006733	0.00655	0.006369	0.006189	0.006009	0.005831	0.005654	0.005478	0.005302	0.005126	0.004952	0.004778	0.004606	0.004435	0.004265	0.004096	0.003928
P23254	pentose phosphate // pentose phosphate // pentose phosphate // pentose phosphate	0	0.001238	0.001908	0.002325	0.002608	0.00281	0.002961	0.003077	0.003167	0.00324	0.003298	0.003346	0.003385	0.003417	0.003444	0.003466	0.003484	0.003499	0.003512	0.003522	0.00353	0.003536	0.003541	0.003544	0.003546	0.003547	0.003548	0.003547	0.003546	0.003544	0.003541	0.003538	0.003535	0.003531	0.003526	0.003522	0.003517	0.003511	0.003506	0.0035	0.003494	0.003488	0.003482	0.003475	0.003468	0.003461	0.003455	0.003447	0.00344	0.003433	0.003426	0.003418	0.003411	0.003403	0.003396	0.003388	0.003743	0.003253	0.002514	0.002532	0.002543	0.002553	0.002564	0.002575	0.002586	0.002598	0.002609	0.002621	0.002633	0.002646	0.002658	0.002671	0.00273	0.00279	0.00285	0.002909	0.002969	0.003029	0.003088	0.003148	0.003208
P26263	Anaerobic excretion	0	0	0	0	0	0	0	0	0	0	0	0	0	0	0	0	0	0	0	0	0	0	0	0	0	0	0	0	0	0	0	0	0	0	0	0	0	0	0	0	0	0	0	0	0	0	0	0	0	0	0	0	0	0	0	0	0	0	0	0	0	0	0	0	0	0	0	0	0	0	0	0	0	0	0	0	0	0	0	0	0
P28240	Anaplerotic reactions 	0	9.7e-05	0.000302	0.00043	0.000517	0.000579	0.000625	0.00066	0.000688	0.00071	0.000728	0.000743	0.000755	0.000765	0.000773	0.00078	0.000785	0.00079	0.000794	0.000797	0.000799	0.000801	0.000803	0.000804	0.000804	0.000805	0.000805	0.000804	0.000804	0.000803	0.000803	0.000802	0.000801	0.000799	0.000798	0.000797	0.000795	0.000794	0.000792	0.00079	0.000788	0.000786	0.000784	0.000782	0.00078	0.000778	0.000776	0.000774	0.000772	0.00077	0.000767	0.000765	0.000763	0.00076	0.000758	0.000756	0.001129	3e-06	3e-06	3e-06	3e-06	3e-06	3e-06	3e-06	3e-06	3e-06	3e-06	3e-06	3e-06	3e-06	3e-06	2e-06	2e-06	2e-06	2e-06	2e-06	2e-06	2e-06	2e-06	2e-06	2e-06
P30902	Oxidative Phosphorylation	0.017964	0.017558	0.017337	0.0172	0.017107	0.01704	0.01699	0.016952	0.016922	0.016899	0.016879	0.016864	0.016851	0.01684	0.016831	0.016824	0.016818	0.016813	0.016809	0.016806	0.016803	0.016801	0.016799	0.016798	0.016798	0.016797	0.016797	0.016797	0.016798	0.016798	0.016799	0.0168	0.016801	0.016803	0.016804	0.016806	0.016807	0.016809	0.016811	0.016813	0.016815	0.016817	0.016819	0.016821	0.016823	0.016825	0.016828	0.01683	0.016832	0.016835	0.016837	0.01684	0.016842	0.016845	0.016847	0.01685	0.016874	0.016879	0.016492	0.01617	0.015772	0.015376	0.014983	0.014592	0.014203	0.013817	0.013433	0.013051	0.012672	0.012295	0.01192	0.011548	0.011176	0.010806	0.010438	0.010073	0.00971	0.009349	0.00899	0.008634	0.008281
P30952	Anaplerotic reactions 	0	6.7e-05	0.000209	0.000297	0.000357	0.0004	0.000432	0.000457	0.000476	0.000491	0.000504	0.000514	0.000522	0.000529	0.000535	0.000539	0.000543	0.000546	0.000549	0.000551	0.000553	0.000554	0.000555	0.000556	0.000556	0.000557	0.000557	0.000556	0.000556	0.000556	0.000555	0.000555	0.000554	0.000553	0.000552	0.000551	0.00055	0.000549	0.000548	0.000547	0.000545	0.000544	0.000543	0.000541	0.00054	0.000538	0.000537	0.000535	0.000534	0.000532	0.000531	0.000529	0.000528	0.000526	0.000524	0.000523	0.000781	2e-06	2e-06	2e-06	2e-06	2e-06	2e-06	2e-06	2e-06	2e-06	2e-06	2e-06	2e-06	2e-06	2e-06	1e-06	1e-06	1e-06	1e-06	1e-06	1e-06	1e-06	1e-06	1e-06	1e-06
P32327	TCA	0	0	0	0	0	0	0	0	0	0	0	0	0	0	0	0	0	0	0	0	0	0	0	0	0	0	0	0	0	0	0	0	0	0	0	0	0	0	0	0	0	0	0	0	0	0	0	0	0	0	0	0	0	0	0	0	0	0	0	0	0	0	0	0	0	0	0	0	0	0	0	0	0	0	0	0	0	0	0	0	0
P32340	Oxidative Phosphorylation	0.011988	0.011874	0.011811	0.011772	0.011746	0.011727	0.011713	0.011702	0.011693	0.011687	0.011681	0.011677	0.011673	0.01167	0.011667	0.011665	0.011664	0.011662	0.011661	0.01166	0.011659	0.011659	0.011658	0.011658	0.011658	0.011658	0.011658	0.011658	0.011658	0.011658	0.011658	0.011658	0.011659	0.011659	0.01166	0.01166	0.011661	0.011661	0.011662	0.011662	0.011663	0.011663	0.011664	0.011664	0.011665	0.011666	0.011666	0.011667	0.011668	0.011668	0.011669	0.01167	0.01167	0.011671	0.011672	0.011673	0.011702	0.01175	0.011508	0.011299	0.01104	0.010782	0.010526	0.010272	0.010018	0.009767	0.009517	0.009269	0.009022	0.008776	0.008533	0.00829	0.00805	0.007811	0.007573	0.007337	0.007102	0.006869	0.006637	0.006407	0.006179
P32473	Other	0.020135	0.019899	0.019799	0.019736	0.019694	0.019664	0.019641	0.019624	0.01961	0.019599	0.019591	0.019584	0.019578	0.019573	0.019569	0.019566	0.019563	0.019561	0.019559	0.019557	0.019556	0.019555	0.019554	0.019554	0.019554	0.019553	0.019553	0.019553	0.019554	0.019554	0.019554	0.019555	0.019555	0.019556	0.019557	0.019557	0.019558	0.019559	0.01956	0.019561	0.019561	0.019562	0.019563	0.019564	0.019565	0.019566	0.019567	0.019568	0.019569	0.019571	0.019572	0.019573	0.019574	0.019575	0.019576	0.019577	0.019383	0.018539	0.017966	0.017635	0.017223	0.016813	0.016406	0.016001	0.015599	0.015199	0.014802	0.014407	0.014015	0.013625	0.013238	0.012853	0.012446	0.012041	0.011638	0.011238	0.010841	0.010446	0.010054	0.009664	0.009277
P32799	Oxidative Phosphorylation	0.005442	0.005323	0.005257	0.005216	0.005188	0.005169	0.005154	0.005143	0.005134	0.005127	0.005121	0.005116	0.005112	0.005109	0.005107	0.005104	0.005103	0.005101	0.0051	0.005099	0.005098	0.005098	0.005097	0.005097	0.005097	0.005096	0.005096	0.005096	0.005097	0.005097	0.005097	0.005097	0.005098	0.005098	0.005098	0.005099	0.005099	0.0051	0.0051	0.005101	0.005102	0.005102	0.005103	0.005104	0.005104	0.005105	0.005106	0.005106	0.005107	0.005108	0.005108	0.005109	0.00511	0.005111	0.005111	0.005112	0.005111	0.005101	0.00498	0.004883	0.004764	0.004644	0.004526	0.004408	0.004291	0.004175	0.004059	0.003944	0.00383	0.003717	0.003604	0.003492	0.003379	0.003267	0.003156	0.003046	0.002936	0.002827	0.002718	0.00261	0.002503
P33315	pentose phosphate // pentose phosphate // pentose phosphate // pentose phosphate	0	0	0	0	0	0	0	0	0	0	0	0	0	0	0	0	0	0	0	0	0	0	0	0	0	0	0	0	0	0	0	0	0	0	0	0	0	0	0	0	0	0	0	0	0	0	0	0	0	0	0	0	0	0	0	0	0	0	0	0	0	0	0	0	0	0	0	0	0	0	0	0	0	0	0	0	0	0	0	0	0
P33401	Galactose metabolism // Galactose metabolism	0	0	0	0	0	0	0	0	0	0	0	0	0	0	0	0	0	0	0	0	0	0	0	0	0	0	0	0	0	0	0	0	0	0	0	0	0	0	0	0	0	0	0	0	0	0	0	0	0	0	0	0	0	0	0	0	0	0	0	0	0	0	0	0	0	0	0	0	0	0	0	0	0	0	0	0	0	0	0	0	0
P33421	TCA // TCA	0.002107	0.001928	0.001831	0.00177	0.001729	0.0017	0.001678	0.001662	0.001648	0.001638	0.001629	0.001623	0.001617	0.001612	0.001608	0.001605	0.001602	0.0016	0.001598	0.001597	0.001596	0.001595	0.001594	0.001594	0.001593	0.001593	0.001593	0.001593	0.001594	0.001594	0.001594	0.001595	0.001595	0.001596	0.001596	0.001597	0.001598	0.001598	0.001599	0.0016	0.001601	0.001602	0.001603	0.001604	0.001605	0.001606	0.001607	0.001608	0.001609	0.00161	0.001611	0.001612	0.001613	0.001614	0.001615	0.001616	0.001589	0.001522	0.001455	0.001413	0.001363	0.001312	0.001263	0.001213	0.001163	0.001114	0.001065	0.001017	0.000968	0.00092	0.000872	0.000825	0.000775	0.000725	0.000676	0.000627	0.000578	0.000529	0.000481	0.000433	0.000385
P37012	Galactose metabolism // Galactose metabolism	0	0	0	0	0	0	0	0	0	0	0	0	0	0	0	0	0	0	0	0	0	0	0	0	0	0	0	0	0	0	0	0	0	0	0	0	0	0	0	0	0	0	0	0	0	0	0	0	0	0	0	0	0	0	0	0	0	0	0	0	0	0	0	0	0	0	0	0	0	0	0	0	0	0	0	0	0	0	0	0	0
P37298	TCA // TCA	0.001933	0.001769	0.00168	0.001624	0.001587	0.00156	0.00154	0.001525	0.001512	0.001503	0.001495	0.001489	0.001484	0.001479	0.001476	0.001473	0.00147	0.001468	0.001467	0.001465	0.001464	0.001463	0.001463	0.001462	0.001462	0.001462	0.001462	0.001462	0.001462	0.001462	0.001463	0.001463	0.001464	0.001464	0.001465	0.001465	0.001466	0.001467	0.001467	0.001468	0.001469	0.00147	0.001471	0.001472	0.001472	0.001473	0.001474	0.001475	0.001476	0.001477	0.001478	0.001479	0.00148	0.001481	0.001482	0.001483	0.001458	0.001397	0.001335	0.001297	0.00125	0.001204	0.001158	0.001113	0.001068	0.001022	0.000978	0.000933	0.000889	0.000844	0.0008	0.000757	0.000711	0.000665	0.00062	0.000575	0.00053	0.000485	0.000441	0.000397	0.000353
P37299	Oxidative Phosphorylation	0.009814	0.009598	0.00948	0.009406	0.009356	0.00932	0.009294	0.009273	0.009257	0.009245	0.009234	0.009226	0.009219	0.009213	0.009209	0.009205	0.009201	0.009199	0.009197	0.009195	0.009193	0.009192	0.009191	0.009191	0.009191	0.00919	0.00919	0.00919	0.009191	0.009191	0.009191	0.009192	0.009193	0.009193	0.009194	0.009195	0.009196	0.009197	0.009198	0.009199	0.0092	0.009201	0.009202	0.009203	0.009204	0.009205	0.009207	0.009208	0.009209	0.00921	0.009212	0.009213	0.009214	0.009216	0.009217	0.009218	0.009217	0.009198	0.008981	0.008806	0.00859	0.008375	0.008162	0.007949	0.007738	0.007529	0.00732	0.007113	0.006907	0.006702	0.006499	0.006296	0.006094	0.005892	0.005691	0.005492	0.005294	0.005097	0.004901	0.004707	0.004514
P38077	Oxidative Phosphorylation	0.03115	0.030446	0.030063	0.029825	0.029664	0.029548	0.029462	0.029396	0.029344	0.029303	0.029269	0.029242	0.02922	0.029201	0.029186	0.029173	0.029163	0.029154	0.029147	0.029142	0.029137	0.029133	0.029131	0.029129	0.029128	0.029127	0.029127	0.029127	0.029128	0.029129	0.02913	0.029132	0.029134	0.029136	0.029139	0.029142	0.029144	0.029147	0.029151	0.029154	0.029157	0.029161	0.029165	0.029168	0.029172	0.029176	0.02918	0.029184	0.029188	0.029192	0.029196	0.029201	0.029205	0.029209	0.029214	0.029218	0.02926	0.029269	0.028598	0.028039	0.027349	0.026663	0.025981	0.025303	0.024629	0.023959	0.023293	0.022631	0.021973	0.02132	0.02067	0.020024	0.01938	0.018738	0.0181	0.017466	0.016837	0.016211	0.01559	0.014972	0.014359
P38113	Anaerobic excretion // Anaerobic excretion	0	0	0	0	0	0	0	0	0	0	0	0	0	0	0	0	0	0	0	0	0	0	0	0	0	0	0	0	0	0	0	0	0	0	0	0	0	0	0	0	0	0	0	0	0	0	0	0	0	0	0	0	0	0	0	0	0	0	0	0	0	0	0	0	0	0	0	0	0	0	0	0	0	0	0	0	0	0	0	0	0
P38720	pentose phosphate	0	0.003018	0.004652	0.005669	0.006358	0.006851	0.007218	0.0075	0.007722	0.007898	0.00804	0.008157	0.008252	0.008331	0.008396	0.00845	0.008495	0.008531	0.008561	0.008586	0.008605	0.00862	0.008632	0.00864	0.008646	0.008648	0.008649	0.008648	0.008644	0.00864	0.008634	0.008626	0.008617	0.008608	0.008597	0.008586	0.008574	0.008561	0.008547	0.008533	0.008518	0.008503	0.008488	0.008472	0.008456	0.008439	0.008422	0.008405	0.008387	0.00837	0.008352	0.008334	0.008315	0.008297	0.008279	0.00826	0.008988	0.007986	0.006484	0.006544	0.006587	0.006631	0.006676	0.006721	0.006767	0.006813	0.006859	0.006906	0.006954	0.007002	0.00705	0.007098	0.007243	0.007389	0.007534	0.00768	0.007825	0.007971	0.008116	0.008261	0.008407
P38824	Oxidative Phosphorylation	0	0	0	0	0	0	0	0	0	0	0	0	0	0	0	0	0	0	0	0	0	0	0	0	0	0	0	0	0	0	0	0	0	0	0	0	0	0	0	0	0	0	0	0	0	0	0	0	0	0	0	0	0	0	0	0	0	0	0	0	0	0	0	0	0	0	0	0	0	0	0	0	0	0	0	0	0	0	0	0	0
P38858	pentose phosphate	0	0.0058	0.00894	0.010895	0.012218	0.013166	0.013873	0.014415	0.014839	0.015178	0.015452	0.015675	0.015859	0.01601	0.016135	0.016239	0.016325	0.016396	0.016453	0.0165	0.016538	0.016567	0.016589	0.016605	0.016615	0.016621	0.016622	0.016619	0.016613	0.016604	0.016592	0.016578	0.016561	0.016543	0.016522	0.0165	0.016477	0.016452	0.016426	0.016399	0.016371	0.016342	0.016312	0.016281	0.01625	0.016218	0.016185	0.016152	0.016119	0.016085	0.016051	0.016016	0.015981	0.015945	0.01591	0.015874	0.017248	0.015358	0.012526	0.012643	0.01273	0.012818	0.012907	0.012997	0.013088	0.01318	0.013272	0.013366	0.01346	0.013556	0.013652	0.013748	0.014027	0.014306	0.014586	0.014865	0.015145	0.015424	0.015704	0.015983	0.016263
P40047	Phenylalanine, tyrosine, and tryptophan biosynthesis (aromatic amino acids)	4e-06	0	0	0	0	0	0	0	0	0	0	0	0	0	0	0	0	0	0	0	0	0	0	0	0	0	0	0	0	0	0	0	0	0	0	0	0	0	0	0	0	0	0	0	0	0	0	0	0	0	0	0	0	0	0	0	0.001678	0.003047	0.002172	0.002026	0.001853	0.00168	0.001509	0.001338	0.001168	0.000999	0.000831	0.000663	0.000496	0.000331	0.000166	0	0	0	0	0	0	0	0	0	0
P40106	Anaerobic excretion	0	0	0	0	0	0	0	0	0	0	0	0	0	0	0	0	0	0	0	0	0	0	0	0	0	0	0	0	0	0	0	0	0	0	0	0	0	0	0	0	0	0	0	0	0	0	0	0	0	0	0	0	0	0	0	0	0	0	0	0	0	0	0	0	0	0	0	0	0	0	0	0	0	0	0	0	0	0	0	0	0
P40215	Oxidative Phosphorylation	0	0	0	0	0	0	0	0	0	0	0	0	0	0	0	0	0	0	0	0	0	0	0	0	0	0	0	0	0	0	0	0	0	0	0	0	0	0	0	0	0	0	0	0	0	0	0	0	0	0	0	0	0	0	0	0	0	0	0	0	0	0	0	0	0	0	0	0	0	0	0	0	0	0	0	0	0	0	0	0	0
P41277	Anaerobic excretion	0	0	0	0	0	0	0	0	0	0	0	0	0	0	0	0	0	0	0	0	0	0	0	0	0	0	0	0	0	0	0	0	0	0	0	0	0	0	0	0	0	0	0	0	0	0	0	0	0	0	0	0	0	0	0	0	0	0	0	0	0	0	0	0	0	0	0	0	0	0	0	0	0	0	0	0	0	0	0	0	0
P41911	Anaerobic excretion	0	0	0	0	0	0	0	0	0	0	0	0	0	0	0	0	0	0	0	0	0	0	0	0	0	0	0	0	0	0	0	0	0	0	0	0	0	0	0	0	0	0	0	0	0	0	0	0	0	0	0	0	0	0	0	0	0	0	0	0	0	0	0	0	0	0	0	0	0	0	0	0	0	0	0	0	0	0	0	0	0
P42222	Glycolysis // Glycolysis	0.004308	0.00507	0.005482	0.005738	0.005912	0.006037	0.006129	0.0062	0.006256	0.006301	0.006337	0.006366	0.00639	0.00641	0.006426	0.00644	0.006451	0.00646	0.006468	0.006474	0.006479	0.006483	0.006486	0.006488	0.006489	0.00649	0.00649	0.00649	0.006489	0.006488	0.006486	0.006484	0.006482	0.00648	0.006477	0.006474	0.006471	0.006468	0.006464	0.006461	0.006457	0.006453	0.006449	0.006445	0.006441	0.006437	0.006433	0.006428	0.006424	0.00642	0.006415	0.006411	0.006406	0.006401	0.006397	0.006392	0.006393	0.006796	0.00803	0.00887	0.00991	0.010944	0.011971	0.012993	0.014008	0.015018	0.016021	0.017018	0.018008	0.018993	0.019972	0.020944	0.021916	0.022885	0.023847	0.024803	0.025752	0.026696	0.027633	0.028564	0.029489
P43635	TCA	0	0	0	0	0	0	0	0	0	0	0	0	0	0	0	0	0	0	0	0	0	0	0	0	0	0	0	0	0	0	0	0	0	0	0	0	0	0	0	0	0	0	0	0	0	0	0	0	0	0	0	0	0	0	0	0	0	0	0	0	0	0	0	0	0	0	0	0	0	0	0	0	0	0	0	0	0	0	0	0	0
P46367	Phenylalanine, tyrosine, and tryptophan biosynthesis (aromatic amino acids)	0	0	0	0	0	0	0	0	0	0	0	0	0	0	0	0	0	0	0	0	0	0	0	0	0	0	0	0	0	0	0	0	0	0	0	0	0	0	0	0	0	0	0	0	0	0	0	0	0	0	0	0	0	0	0	0	0	0	0	0	0	0	0	0	0	0	0	0	0	0	0	0	0	0	0	0	0	0	0	0	0
P46969	pentose phosphate // pentose phosphate	0	0.000265	0.000408	0.000497	0.000558	0.000601	0.000633	0.000658	0.000677	0.000693	0.000705	0.000716	0.000724	0.000731	0.000737	0.000741	0.000745	0.000748	0.000751	0.000753	0.000755	0.000756	0.000757	0.000758	0.000759	0.000759	0.000759	0.000759	0.000758	0.000758	0.000757	0.000757	0.000756	0.000755	0.000754	0.000753	0.000752	0.000751	0.00075	0.000749	0.000747	0.000746	0.000745	0.000743	0.000742	0.00074	0.000739	0.000737	0.000736	0.000734	0.000733	0.000731	0.00073	0.000728	0.000726	0.000725	0.000801	0.000696	0.000538	0.000542	0.000544	0.000546	0.000548	0.000551	0.000553	0.000556	0.000558	0.000561	0.000563	0.000566	0.000569	0.000571	0.000584	0.000597	0.00061	0.000622	0.000635	0.000648	0.000661	0.000673	0.000686
P47052	TCA	0	0	0	0	0	0	0	0	0	0	0	0	0	0	0	0	0	0	0	0	0	0	0	0	0	0	0	0	0	0	0	0	0	0	0	0	0	0	0	0	0	0	0	0	0	0	0	0	0	0	0	0	0	0	0	0	0	0	0	0	0	0	0	0	0	0	0	0	0	0	0	0	0	0	0	0	0	0	0	0	0
P47081	Oxidative Phosphorylation	0	0	0	0	0	0	0	0	0	0	0	0	0	0	0	0	0	0	0	0	0	0	0	0	0	0	0	0	0	0	0	0	0	0	0	0	0	0	0	0	0	0	0	0	0	0	0	0	0	0	0	0	0	0	0	0	0	0	0	0	0	0	0	0	0	0	0	0	0	0	0	0	0	0	0	0	0	0	0	0	0
P47771	Phenylalanine, tyrosine, and tryptophan biosynthesis (aromatic amino acids)	0	0	0	0	0	0	0	0	0	0	0	0	0	0	0	0	0	0	0	0	0	0	0	0	0	0	0	0	0	0	0	0	0	0	0	0	0	0	0	0	0	0	0	0	0	0	0	0	0	0	0	0	0	0	0	0	0	0	0	0	0	0	0	0	0	0	0	0	0	0	0	0	0	0	0	0	0	0	0	0	0
P52489	Glycolysis	0	0	0	0	0	0	0	0	0	0	0	0	0	0	0	0	0	0	0	0	0	0	0	0	0	0	0	0	0	0	0	0	0	0	0	0	0	0	0	0	0	0	0	0	0	0	0	0	0	0	0	0	0	0	0	0	0	0	0	0	0	0	0	0	0	0	0	0	0	0	0	0	0	0	0	0	0	0	0	0	0
P52910	Other	0	0.000454	0.0007	0.000853	0.000957	0.001031	0.001086	0.001129	0.001162	0.001189	0.00121	0.001228	0.001242	0.001254	0.001264	0.001272	0.001278	0.001284	0.001289	0.001292	0.001295	0.001297	0.001299	0.0013	0.001301	0.001302	0.001302	0.001302	0.001301	0.0013	0.001299	0.001298	0.001297	0.001296	0.001294	0.001292	0.00129	0.001288	0.001286	0.001284	0.001282	0.00128	0.001277	0.001275	0.001273	0.00127	0.001268	0.001265	0.001262	0.00126	0.001257	0.001254	0.001252	0.001249	0.001246	0.001243	0.001239	0.001247	0.001269	0.001291	0.001313	0.001335	0.001357	0.001379	0.001401	0.001423	0.001444	0.001466	0.001488	0.00151	0.001532	0.001554	0.001576	0.001598	0.001619	0.001641	0.001663	0.001685	0.001707	0.001729	0.001751
P53239	Oxidative Phosphorylation	0	0	0	0	0	0	0	0	0	0	0	0	0	0	0	0	0	0	0	0	0	0	0	0	0	0	0	0	0	0	0	0	0	0	0	0	0	0	0	0	0	0	0	0	0	0	0	0	0	0	0	0	0	0	0	0	0	0	0	0	0	0	0	0	0	0	0	0	0	0	0	0	0	0	0	0	0	0	0	0	0
P53312	TCA	0.004886	0.004466	0.004231	0.004084	0.003985	0.003914	0.003861	0.00382	0.003788	0.003763	0.003742	0.003726	0.003712	0.003701	0.003691	0.003683	0.003677	0.003672	0.003667	0.003664	0.003661	0.003659	0.003657	0.003656	0.003655	0.003655	0.003655	0.003655	0.003655	0.003656	0.003657	0.003658	0.003659	0.003661	0.003662	0.003664	0.003666	0.003667	0.003669	0.003671	0.003674	0.003676	0.003678	0.00368	0.003683	0.003685	0.003687	0.00369	0.003692	0.003695	0.003698	0.0037	0.003703	0.003705	0.003708	0.003711	0.00363	0.00353	0.003374	0.003277	0.00316	0.003043	0.002927	0.002812	0.002698	0.002584	0.00247	0.002358	0.002245	0.002134	0.002023	0.001912	0.001797	0.001681	0.001567	0.001453	0.001339	0.001227	0.001114	0.001003	0.000892
P53315	pentose phosphate	0	0	0	0	0	0	0	0	0	0	0	0	0	0	0	0	0	0	0	0	0	0	0	0	0	0	0	0	0	0	0	0	0	0	0	0	0	0	0	0	0	0	0	0	0	0	0	0	0	0	0	0	0	0	0	0	0	0	0	0	0	0	0	0	0	0	0	0	0	0	0	0	0	0	0	0	0	0	0	0	0
P53319	pentose phosphate	0	0	0	0	0	0	0	0	0	0	0	0	0	0	0	0	0	0	0	0	0	0	0	0	0	0	0	0	0	0	0	0	0	0	0	0	0	0	0	0	0	0	0	0	0	0	0	0	0	0	0	0	0	0	0	0	0	0	0	0	0	0	0	0	0	0	0	0	0	0	0	0	0	0	0	0	0	0	0	0	0
P53598	TCA	0.003649	0.003336	0.00316	0.003051	0.002977	0.002923	0.002884	0.002854	0.00283	0.002811	0.002795	0.002783	0.002773	0.002764	0.002757	0.002751	0.002746	0.002743	0.002739	0.002737	0.002735	0.002733	0.002732	0.002731	0.00273	0.00273	0.00273	0.00273	0.00273	0.002731	0.002732	0.002732	0.002733	0.002734	0.002735	0.002737	0.002738	0.002739	0.002741	0.002742	0.002744	0.002746	0.002747	0.002749	0.002751	0.002752	0.002754	0.002756	0.002758	0.00276	0.002762	0.002764	0.002766	0.002768	0.00277	0.002772	0.002711	0.002637	0.00252	0.002447	0.00236	0.002273	0.002187	0.002101	0.002015	0.00193	0.001845	0.001761	0.001677	0.001594	0.001511	0.001429	0.001342	0.001256	0.00117	0.001085	0.001	0.000916	0.000832	0.000749	0.000666
P54115	Anaerobic excretion	0	0.000929	0.001431	0.001744	0.001956	0.002108	0.002221	0.002308	0.002376	0.00243	0.002474	0.00251	0.002539	0.002563	0.002583	0.0026	0.002614	0.002625	0.002634	0.002642	0.002648	0.002653	0.002656	0.002659	0.00266	0.002661	0.002661	0.002661	0.00266	0.002658	0.002657	0.002654	0.002652	0.002649	0.002645	0.002642	0.002638	0.002634	0.00263	0.002626	0.002621	0.002617	0.002612	0.002607	0.002602	0.002597	0.002591	0.002586	0.002581	0.002575	0.00257	0.002564	0.002559	0.002553	0.002547	0.002542	1e-06	0.003567	0.009151	0.009484	0.009871	0.010257	0.010641	0.011023	0.011404	0.011783	0.01216	0.012536	0.01291	0.013282	0.013653	0.014025	0.01407	0.014115	0.014159	0.014204	0.014249	0.014294	0.014338	0.014383	0.014428
P61829	Oxidative Phosphorylation	0.007037	0.006878	0.006791	0.006737	0.006701	0.006675	0.006655	0.00664	0.006629	0.006619	0.006612	0.006606	0.006601	0.006596	0.006593	0.00659	0.006588	0.006586	0.006584	0.006583	0.006582	0.006581	0.00658	0.00658	0.00658	0.00658	0.006579	0.00658	0.00658	0.00658	0.00658	0.006581	0.006581	0.006582	0.006582	0.006583	0.006583	0.006584	0.006585	0.006586	0.006586	0.006587	0.006588	0.006589	0.00659	0.006591	0.006592	0.006592	0.006593	0.006594	0.006595	0.006596	0.006597	0.006598	0.006599	0.0066	0.006609	0.006612	0.00646	0.006334	0.006178	0.006023	0.005869	0.005716	0.005563	0.005412	0.005262	0.005112	0.004964	0.004816	0.004669	0.004523	0.004378	0.004233	0.004089	0.003946	0.003803	0.003662	0.003522	0.003382	0.003244
P81449	Oxidative Phosphorylation	0.009862	0.009639	0.009518	0.009443	0.009392	0.009355	0.009328	0.009307	0.00929	0.009277	0.009267	0.009258	0.009251	0.009245	0.00924	0.009236	0.009233	0.00923	0.009228	0.009226	0.009225	0.009224	0.009223	0.009222	0.009222	0.009222	0.009222	0.009222	0.009222	0.009222	0.009223	0.009223	0.009224	0.009225	0.009225	0.009226	0.009227	0.009228	0.009229	0.00923	0.009231	0.009232	0.009234	0.009235	0.009236	0.009237	0.009238	0.00924	0.009241	0.009242	0.009244	0.009245	0.009246	0.009248	0.009249	0.00925	0.009264	0.009267	0.009054	0.008877	0.008659	0.008441	0.008226	0.008011	0.007798	0.007585	0.007375	0.007165	0.006957	0.00675	0.006544	0.00634	0.006136	0.005932	0.005731	0.00553	0.005331	0.005133	0.004936	0.00474	0.004546
P81450	Oxidative Phosphorylation	0.006065	0.005928	0.005853	0.005807	0.005775	0.005753	0.005736	0.005723	0.005713	0.005705	0.005698	0.005693	0.005689	0.005685	0.005682	0.00568	0.005678	0.005676	0.005675	0.005674	0.005673	0.005672	0.005672	0.005671	0.005671	0.005671	0.005671	0.005671	0.005671	0.005671	0.005671	0.005672	0.005672	0.005673	0.005673	0.005674	0.005674	0.005675	0.005675	0.005676	0.005677	0.005677	0.005678	0.005679	0.00568	0.00568	0.005681	0.005682	0.005683	0.005683	0.005684	0.005685	0.005686	0.005687	0.005688	0.005688	0.005697	0.005698	0.005568	0.005459	0.005325	0.005191	0.005058	0.004926	0.004795	0.004665	0.004535	0.004406	0.004278	0.004151	0.004024	0.003898	0.003773	0.003648	0.003524	0.003401	0.003278	0.003156	0.003035	0.002915	0.002796
P81451	Oxidative Phosphorylation	0.006832	0.006677	0.006593	0.006541	0.006506	0.00648	0.006462	0.006447	0.006436	0.006427	0.006419	0.006413	0.006408	0.006404	0.006401	0.006398	0.006396	0.006394	0.006393	0.006391	0.00639	0.00639	0.006389	0.006389	0.006388	0.006388	0.006388	0.006388	0.006388	0.006389	0.006389	0.006389	0.00639	0.00639	0.006391	0.006391	0.006392	0.006393	0.006393	0.006394	0.006395	0.006396	0.006396	0.006397	0.006398	0.006399	0.0064	0.006401	0.006402	0.006402	0.006403	0.006404	0.006405	0.006406	0.006407	0.006408	0.006417	0.006419	0.006272	0.006149	0.005998	0.005848	0.005698	0.005549	0.005402	0.005255	0.005109	0.004963	0.004819	0.004676	0.004533	0.004392	0.00425	0.00411	0.00397	0.003831	0.003693	0.003555	0.003419	0.003284	0.003149
Q00055	Anaerobic excretion	0	0	0	0	0	0	0	0	0	0	0	0	0	0	0	0	0	0	0	0	0	0	0	0	0	0	0	0	0	0	0	0	0	0	0	0	0	0	0	0	0	0	0	0	0	0	0	0	0	0	0	0	0	0	0	0	0	0	0	0	0	0	0	0	0	0	0	0	0	0	0	0	0	0	0	0	0	0	0	0	0
Q00711	TCA	0.006705	0.006136	0.005827	0.005634	0.005504	0.005411	0.005341	0.005288	0.005246	0.005212	0.005186	0.005164	0.005145	0.005131	0.005118	0.005108	0.0051	0.005093	0.005087	0.005082	0.005079	0.005076	0.005074	0.005072	0.005071	0.00507	0.00507	0.005071	0.005071	0.005072	0.005073	0.005075	0.005076	0.005078	0.00508	0.005082	0.005085	0.005087	0.00509	0.005092	0.005095	0.005098	0.005101	0.005104	0.005107	0.00511	0.005113	0.005117	0.00512	0.005123	0.005127	0.00513	0.005133	0.005137	0.00514	0.005144	0.005058	0.004844	0.004631	0.004497	0.004337	0.004177	0.004018	0.00386	0.003703	0.003546	0.00339	0.003236	0.003082	0.002929	0.002776	0.002625	0.002466	0.002308	0.00215	0.001994	0.001838	0.001683	0.00153	0.001376	0.001224
Q01519	Oxidative Phosphorylation	0.003546	0.003468	0.003425	0.003399	0.003381	0.003368	0.003358	0.003351	0.003345	0.003341	0.003337	0.003334	0.003331	0.003329	0.003327	0.003326	0.003325	0.003324	0.003323	0.003323	0.003322	0.003322	0.003321	0.003321	0.003321	0.003321	0.003321	0.003321	0.003321	0.003321	0.003321	0.003321	0.003322	0.003322	0.003322	0.003323	0.003323	0.003323	0.003324	0.003324	0.003324	0.003325	0.003325	0.003325	0.003326	0.003326	0.003327	0.003327	0.003328	0.003328	0.003329	0.003329	0.00333	0.00333	0.003331	0.003331	0.003331	0.003324	0.003245	0.003182	0.003104	0.003026	0.002949	0.002872	0.002796	0.00272	0.002645	0.00257	0.002496	0.002422	0.002348	0.002275	0.002202	0.002129	0.002057	0.001984	0.001913	0.001842	0.001771	0.001701	0.001631
Q01574	Other	0	0	0	0	0	0	0	0	0	0	0	0	0	0	0	0	0	0	0	0	0	0	0	0	0	0	0	0	0	0	0	0	0	0	0	0	0	0	0	0	0	0	0	0	0	0	0	0	0	0	0	0	0	0	0	0	0	0	0	0	0	0	0	0	0	0	0	0	0	0	0	0	0	0	0	0	0	0	0	0	0
Q04458	Phenylalanine, tyrosine, and tryptophan biosynthesis (aromatic amino acids)	0	0	0	0	0	0	0	0	0	0	0	0	0	0	0	0	0	0	0	0	0	0	0	0	0	0	0	0	0	0	0	0	0	0	0	0	0	0	0	0	0	0	0	0	0	0	0	0	0	0	0	0	0	0	0	0	0	0	0	0	0	0	0	0	0	0	0	0	0	0	0	0	0	0	0	0	0	0	0	0	0
Q04935	Oxidative Phosphorylation	0	0	0	0	0	0	0	0	0	0	0	0	0	0	0	0	0	0	0	0	0	0	0	0	0	0	0	0	0	0	0	0	0	0	0	0	0	0	0	0	0	0	0	0	0	0	0	0	0	0	0	0	0	0	0	0	0	0	0	0	0	0	0	0	0	0	0	0	0	0	0	0	0	0	0	0	0	0	0	0	0
Q06204	Glycolysis	0	0	0	0	0	0	0	0	0	0	0	0	0	0	0	0	0	0	0	0	0	0	0	0	0	0	0	0	0	0	0	0	0	0	0	0	0	0	0	0	0	0	0	0	0	0	0	0	0	0	0	0	0	0	0	0	0	0	0	0	0	0	0	0	0	0	0	0	0	0	0	0	0	0	0	0	0	0	0	0	0
Q06405	Oxidative Phosphorylation	0.010258	0.010026	0.0099	0.009822	0.009769	0.009731	0.009702	0.00968	0.009663	0.00965	0.009639	0.00963	0.009622	0.009616	0.009611	0.009607	0.009604	0.009601	0.009599	0.009597	0.009595	0.009594	0.009593	0.009593	0.009592	0.009592	0.009592	0.009592	0.009592	0.009593	0.009593	0.009594	0.009594	0.009595	0.009596	0.009597	0.009598	0.009599	0.0096	0.009601	0.009602	0.009603	0.009604	0.009606	0.009607	0.009608	0.009609	0.009611	0.009612	0.009613	0.009615	0.009616	0.009618	0.009619	0.00962	0.009622	0.009636	0.009639	0.009418	0.009234	0.009006	0.00878	0.008556	0.008333	0.008111	0.00789	0.007671	0.007453	0.007236	0.007021	0.006807	0.006594	0.006382	0.006171	0.005961	0.005752	0.005545	0.005339	0.005134	0.004931	0.004729
Q07500	Oxidative Phosphorylation	0	0	0	0	0	0	0	0	0	0	0	0	0	0	0	0	0	0	0	0	0	0	0	0	0	0	0	0	0	0	0	0	0	0	0	0	0	0	0	0	0	0	0	0	0	0	0	0	0	0	0	0	0	0	0	0	0	0	0	0	0	0	0	0	0	0	0	0	0	0	0	0	0	0	0	0	0	0	0	0	0
Q12055	Salvage pathways // Salvage pathways	0	0.000171	0.000263	0.000321	0.000359	0.000387	0.000408	0.000424	0.000437	0.000447	0.000455	0.000461	0.000467	0.000471	0.000475	0.000478	0.00048	0.000482	0.000484	0.000485	0.000487	0.000487	0.000488	0.000488	0.000489	0.000489	0.000489	0.000489	0.000489	0.000488	0.000488	0.000488	0.000487	0.000487	0.000486	0.000485	0.000485	0.000484	0.000483	0.000482	0.000482	0.000481	0.00048	0.000479	0.000478	0.000477	0.000476	0.000475	0.000474	0.000473	0.000472	0.000471	0.00047	0.000469	0.000468	0.000467	0.000466	0.000469	0.000477	0.000485	0.000493	0.000501	0.00051	0.000518	0.000526	0.000534	0.000543	0.000551	0.000559	0.000567	0.000575	0.000584	0.000592	0.0006	0.000608	0.000617	0.000625	0.000633	0.000641	0.000649	0.000658
Q12165	Oxidative Phosphorylation	0.015435	0.015086	0.014896	0.014778	0.014698	0.014641	0.014598	0.014565	0.01454	0.014519	0.014503	0.014489	0.014478	0.014469	0.014461	0.014455	0.01445	0.014446	0.014442	0.014439	0.014437	0.014435	0.014434	0.014433	0.014432	0.014432	0.014432	0.014432	0.014433	0.014433	0.014434	0.014435	0.014436	0.014437	0.014438	0.014439	0.014441	0.014442	0.014444	0.014446	0.014447	0.014449	0.014451	0.014453	0.014455	0.014456	0.014458	0.01446	0.014462	0.014464	0.014467	0.014469	0.014471	0.014473	0.014475	0.014477	0.014498	0.014503	0.01417	0.013893	0.013551	0.013211	0.012873	0.012537	0.012203	0.011871	0.011542	0.011214	0.010888	0.010564	0.010242	0.009922	0.009602	0.009284	0.008968	0.008654	0.008343	0.008033	0.007725	0.007419	0.007115
Q12189	pentose phosphate // pentose phosphate	0	0.002633	0.004058	0.004945	0.005546	0.005976	0.006297	0.006543	0.006736	0.00689	0.007014	0.007115	0.007198	0.007267	0.007324	0.007371	0.00741	0.007442	0.007468	0.00749	0.007507	0.00752	0.00753	0.007537	0.007542	0.007544	0.007545	0.007543	0.007541	0.007537	0.007531	0.007525	0.007517	0.007509	0.0075	0.00749	0.007479	0.007468	0.007456	0.007444	0.007431	0.007418	0.007404	0.00739	0.007376	0.007361	0.007347	0.007332	0.007316	0.007301	0.007285	0.00727	0.007254	0.007238	0.007222	0.007205	0.007685	0.007029	0.006056	0.006126	0.006185	0.006244	0.006304	0.006364	0.006424	0.006484	0.006545	0.006607	0.006668	0.00673	0.006792	0.006854	0.006981	0.007108	0.007235	0.007361	0.007488	0.007615	0.007742	0.007869	0.007996
Q12233	Oxidative Phosphorylation	0.011717	0.011452	0.011308	0.011219	0.011158	0.011115	0.011082	0.011057	0.011038	0.011022	0.01101	0.011	0.010991	0.010984	0.010978	0.010974	0.01097	0.010966	0.010964	0.010962	0.01096	0.010959	0.010958	0.010957	0.010956	0.010956	0.010956	0.010956	0.010957	0.010957	0.010957	0.010958	0.010959	0.01096	0.010961	0.010962	0.010963	0.010964	0.010965	0.010966	0.010968	0.010969	0.01097	0.010972	0.010973	0.010975	0.010976	0.010978	0.010979	0.010981	0.010982	0.010984	0.010986	0.010987	0.010989	0.01099	0.011006	0.01101	0.010757	0.010547	0.010287	0.010029	0.009773	0.009518	0.009264	0.009012	0.008762	0.008513	0.008265	0.008019	0.007775	0.007532	0.00729	0.007048	0.006808	0.00657	0.006333	0.006098	0.005864	0.005632	0.005401
Q12349	Oxidative Phosphorylation	0.012812	0.012522	0.012365	0.012267	0.0122	0.012153	0.012117	0.01209	0.012069	0.012052	0.012038	0.012027	0.012018	0.01201	0.012004	0.011999	0.011994	0.011991	0.011988	0.011985	0.011984	0.011982	0.011981	0.01198	0.01198	0.011979	0.011979	0.011979	0.01198	0.01198	0.011981	0.011982	0.011982	0.011983	0.011984	0.011985	0.011987	0.011988	0.011989	0.011991	0.011992	0.011993	0.011995	0.011996	0.011998	0.012	0.012001	0.012003	0.012005	0.012006	0.012008	0.01201	0.012011	0.012013	0.012015	0.012017	0.012034	0.012038	0.011762	0.011532	0.011248	0.010966	0.010685	0.010407	0.010129	0.009854	0.00958	0.009308	0.009037	0.008768	0.008501	0.008235	0.00797	0.007707	0.007444	0.007184	0.006925	0.006667	0.006412	0.006158	0.005906
Q3E731	Oxidative Phosphorylation	0	0	0	0	0	0	0	0	0	0	0	0	0	0	0	0	0	0	0	0	0	0	0	0	0	0	0	0	0	0	0	0	0	0	0	0	0	0	0	0	0	0	0	0	0	0	0	0	0	0	0	0	0	0	0	0	0	0	0	0	0	0	0	0	0	0	0	0	0	0	0	0	0	0	0	0	0	0	0	0	0
