enzymes	ranges	minU	maxU	pU
P00127	7.51733323210526e-09	2.62861649084504e-05	2.62936822416825e-05	2.62936529824564e-05
P00128	7.51733323210187e-09	2.62861649084504e-05	2.62936822416825e-05	2.62936529824564e-05
P00163	7.51733323210526e-09	2.62861649084504e-05	2.62936822416825e-05	2.62936529824564e-05
P00330	0.000364606081012592	0	0.000364606081012592	0
P00358	0.000406404551327732	0	0.000406404551327732	0
P00359	0.0004075426018557	0	0.0004075426018557	3.16922368296762e-05
P00360	0.000407504982117685	0	0.000407504982117685	0
P00401	2.38473440672496e-09	8.33879780801599e-06	8.34118254242271e-06	8.34117326047645e-06
P00410	2.38473440672496e-09	8.33879780801599e-06	8.34118254242271e-06	8.34117326047645e-06
P00420	2.38473440672496e-09	8.33879780801599e-06	8.34118254242271e-06	8.34117326047645e-06
P00425	1.73377758781973e-06	6.60740495460298e-06	8.34118254242271e-06	8.34117326047645e-06
P00427	1.73377758781973e-06	6.60740495460298e-06	8.34118254242271e-06	8.34117326047645e-06
P00549	3.08627636213842e-06	0	3.08627636213842e-06	3.08266991631682e-06
P00560	0.000300311516663671	1.43734995178644e-06	0.000301748866615458	1.43838967688746e-06
P00830	9.2981059488576e-09	2.08465308751745e-05	2.08558289811234e-05	2.08465353453341e-05
P00854	9.29804644098141e-09	2.08463974573769e-05	2.08556955038179e-05	2.08464019275079e-05
P00856	9.29804644098141e-09	2.08463974573769e-05	2.08556955038179e-05	2.08464019275079e-05
P00890	2.81636692811355e-06	0	2.81636692811355e-06	2.81570414266826e-06
P00924	0.00029037451785411	0	0.00029037451785411	0
P00925	0.000289767323362917	0	0.000289767323362917	0
P00942	6.40451493780894e-05	4.41240443206742e-08	6.40892734224101e-05	4.41884622671931e-08
P00950	0.000486639410521557	1.33928076236768e-06	0.000487978691283925	1.3402495478915e-06
P04037	1.73377758781973e-06	6.60740495460298e-06	8.34118254242271e-06	8.34117326047645e-06
P04039	3.46755517563945e-06	1.3214809909206e-05	1.66823650848454e-05	1.66823465209529e-05
P04385	0	0	0	0
P04397	0.000171819138726514	0	0.000171819138726514	0
P04806	2.12201459214486e-06	0	2.12201459214486e-06	2.12201459214486e-06
P04807	4.58904497433063e-06	0	4.58904497433063e-06	0
P05626	9.29804644098141e-09	2.08463974573769e-05	2.08556955038179e-05	2.08464019275079e-05
P06169	4.30292950918256e-07	0	4.30292950918256e-07	4.21307761753487e-07
P07143	7.51733323210187e-09	2.62861649084504e-05	2.62936822416825e-05	2.62936529824564e-05
P07170	0.000554415688613144	0	0.000554415688613144	0
P07251	9.2981059488576e-09	2.08465308751745e-05	2.08558289811234e-05	2.08465353453341e-05
P07255	2.38473440631331e-09	8.33879780801599e-06	8.3411825424223e-06	8.34117326047645e-06
P07256	7.51733323210187e-09	2.62861649084504e-05	2.62936822416825e-05	2.62936529824564e-05
P07257	7.51733323210526e-09	2.62861649084504e-05	2.62936822416825e-05	2.62936529824564e-05
P08067	7.51733323210187e-09	2.62861649084504e-05	2.62936822416825e-05	2.62936529824564e-05
P08417	0.000252774890256519	3.76668284648332e-07	0.000253151558541167	3.77206657433841e-07
P08431	0.000316983725198212	0	0.000316983725198212	0
P08525	7.51733323210187e-09	2.62861649084504e-05	2.62936822416825e-05	2.62936529824564e-05
P09201	1.20061626312563e-08	0	1.20061626312563e-08	0
P09457	9.29804644098141e-09	2.08463974573769e-05	2.08556955038179e-05	2.08464019275079e-05
P09624	8.03677825122181e-08	1.19957307492514e-05	1.20760985317636e-05	1.19960274605189e-05
P0CX10	0.000287236219376444	0	0.000287236219376444	0
P0CX11	0.000287236219376444	0	0.000287236219376444	0
P10174	1.73377758781972e-06	6.60740495460298e-06	8.34118254242271e-06	8.34117326047645e-06
P10963	1.34972505709436e-08	0	1.34972505709436e-08	0
P11154	1.66788925617589e-06	0	1.66788925617589e-06	1.66767211370556e-06
P11412	3.08565462904454e-09	2.29060773560421e-07	2.32146428189465e-07	2.29500945595989e-07
P12695	5.83152360581121e-09	8.70415791583896e-07	8.76247315189708e-07	8.70437321091198e-07
P12709	0.000219180790779144	5.02965772160798e-07	0.000219683756551305	5.05409657394598e-07
P14540	0.000339118434718282	1.18008525722259e-05	0.000350919287290508	1.18180224325865e-05
P15019	0.000362765771286544	1.34823322948534e-06	0.000364114004516029	1.35084129001069e-06
P16387	8.03677825122181e-08	1.19957307492514e-05	1.20760985317636e-05	1.19960274605189e-05
P16451	5.83152360575086e-09	8.70415791583958e-07	8.76247315189709e-07	8.70415791583958e-07
P16467	4.30292950918256e-07	0	4.30292950918256e-07	0
P16861	5.99567639392015e-07	0	5.99567639392015e-07	0
P16862	4.80820256645149e-07	5.97395184731064e-07	1.07821544137621e-06	1.07587175372483e-06
P17505	0.000376869869434965	2.07201863309537e-06	0.00037894188806806	2.07201863309537e-06
P17709	2.12201459214486e-06	0	2.12201459214486e-06	0
P19414	0.000157385517706851	2.77251765196109e-06	0.000160158035358813	2.77640610857659e-06
P19516	0.000100113955872082	0	0.000100113955872082	0
P20967	1.40474981961557e-07	1.3755452147339e-05	1.38959271293006e-05	1.38954343569223e-05
P21306	9.29804644098141e-09	2.08463974573769e-05	2.08556955038179e-05	2.08464019275079e-05
P21801	2.96793167542179e-09	1.77770941455095e-06	1.78067734622638e-06	1.78025029842237e-06
P21826	3.88066023346135e-07	0	3.88066023346135e-07	0
P21954	1.39471589232978e-07	1.39232740932509e-05	1.40627456824839e-05	1.40622564299085e-05
P22289	7.51733323210526e-09	2.62861649084504e-05	2.62936822416825e-05	2.62936529824564e-05
P23254	0.000183204396498713	0	0.000183204396498713	1.16688429701103e-06
P26263	4.30292950918256e-07	0	4.30292950918256e-07	0
P28240	2.53642490518556e-07	3.10817179803086e-07	5.64459670321642e-07	3.11804191029283e-07
P30902	9.29804644098141e-09	2.08463974573769e-05	2.08556955038179e-05	2.08464019275079e-05
P30952	3.88066023346135e-07	0	3.88066023346135e-07	2.14365381332632e-07
P32327	1.66788925617589e-06	0	1.66788925617589e-06	0
P32340	1.61378808635374e-06	3.39111865759436e-06	5.0049067439481e-06	5.00378587525237e-06
P32473	8.03677825122181e-08	1.19957307492514e-05	1.20760985317636e-05	1.19960274605189e-05
P32799	1.73377758781973e-06	6.60740495460298e-06	8.34118254242271e-06	8.34117326047645e-06
P33315	0.000180216372998401	0	0.000180216372998401	0
P33401	0.000212882679867863	0	0.000212882679867863	0
P33421	2.96793167542179e-09	1.77770941455095e-06	1.78067734622638e-06	1.78025029842237e-06
P37012	0.000212961640659095	0	0.000212961640659095	0
P37298	2.96793167542539e-09	1.77770941455095e-06	1.78067734622638e-06	1.78025029842237e-06
P37299	7.51733323210187e-09	2.62861649084504e-05	2.62936822416825e-05	2.62936529824564e-05
P38077	9.29804644098141e-09	2.08463974573769e-05	2.08556955038179e-05	2.08464019275079e-05
P38113	0.000356868966346027	0	0.000356868966346027	0
P38720	3.9673397131674e-06	0	3.9673397131674e-06	3.92134901577313e-06
P38824	0.000100113955872082	0	0.000100113955872082	0
P38858	1.46902259758293e-05	0	1.46902259758293e-05	1.45228198373142e-05
P40047	7.38927174392559e-08	0	7.38927174392559e-08	0
P40106	8.19818787455946e-09	0	8.19818787455946e-09	0
P40215	1.61378808635376e-06	0	1.61378808635376e-06	0
P41277	8.19818787455946e-09	0	8.19818787455946e-09	0
P41911	8.09661740531713e-10	0	8.09661740531713e-10	0
P42222	0.000287326678489922	0	0.000287326678489922	3.35636914427068e-06
P43635	2.81636692811355e-06	0	2.81636692811355e-06	0
P46367	7.38927174392559e-08	0	7.38927174392559e-08	0
P46969	0.000517401100725481	7.07747335544984e-07	0.000518108848061026	7.09383405231377e-07
P47052	2.3382823613553e-06	0	2.3382823613553e-06	0
P47081	0.000100113955872082	0	0.000100113955872082	0
P47771	1.05593632227251e-07	0	1.05593632227251e-07	0
P52489	3.08627636213842e-06	0	3.08627636213842e-06	0
P52910	4.27534662771329e-07	0	4.27534662771329e-07	4.18594176282051e-07
P53239	0.000100113955872082	0	0.000100113955872082	0
P53312	1.94291734210927e-08	1.90252428955166e-06	1.92195346297275e-06	1.92188530734916e-06
P53315	1.46902259758296e-05	0	1.46902259758296e-05	0
P53319	3.9673397131674e-06	0	3.9673397131674e-06	0
P53598	1.94291734210927e-08	1.90252428955166e-06	1.92195346297275e-06	1.92188530734916e-06
P54115	1.77509295387328e-07	1.03513447538231e-06	1.21264377076964e-06	1.18732187403256e-06
P61829	9.2981059488576e-09	2.08465308751745e-05	2.08558289811234e-05	2.08465353453341e-05
P81449	9.29804644098141e-09	2.08463974573769e-05	2.08556955038179e-05	2.08464019275079e-05
P81450	9.29804644098141e-09	2.08463974573769e-05	2.08556955038179e-05	2.08464019275079e-05
P81451	9.29804644098141e-09	2.08463974573769e-05	2.08556955038179e-05	2.08464019275079e-05
Q00055	8.09661740531713e-10	0	8.09661740531713e-10	0
Q00711	1.78067734622638e-06	0	1.78067734622638e-06	1.78025029842237e-06
Q01519	1.73377758781973e-06	6.60740495460298e-06	8.34118254242271e-06	8.34117326047645e-06
Q01574	4.27534662771361e-07	0	4.27534662771361e-07	0
Q04458	1.69909868867812e-07	0	1.69909868867812e-07	0
Q04935	0.000100113955872082	0	0.000100113955872082	0
Q06204	9.33275106211313e-06	0	9.33275106211313e-06	0
Q06405	9.29804644098141e-09	2.08463974573769e-05	2.08556955038179e-05	2.08464019275079e-05
Q07500	1.61378808635375e-06	0	1.61378808635375e-06	0
Q12055	0.000591787613422422	0	0.000591787613422422	5.22409711244262e-07
Q12165	9.29804644098141e-09	2.08463974573769e-05	2.08556955038179e-05	2.08464019275079e-05
Q12189	0.00047546283819315	6.47179590892478e-06	0.000481934634102075	6.48146746670632e-06
Q12233	9.29804644098141e-09	2.08463974573769e-05	2.08556955038179e-05	2.08464019275079e-05
Q12349	9.29804644098141e-09	2.08463974573769e-05	2.08556955038179e-05	2.08464019275079e-05
Q3E731	0.000100113955872082	0	0.000100113955872082	0
