enzymes	ranges	minU	maxU	pU
P00127	7.31438769517996e-09	2.5551219612098e-05	2.55585339997931e-05	2.55585089156383e-05
P00128	7.31438769517996e-09	2.5551219612098e-05	2.55585339997931e-05	2.55585089156383e-05
P00163	7.31438769517996e-09	2.5551219612098e-05	2.55585339997931e-05	2.55585089156383e-05
P00330	0.000383175613899083	0	0.000383175613899083	0
P00358	0.000424629647080945	0	0.000424629647080945	0
P00359	0.000425818733159023	0	0.000425818733159023	3.08261583331581e-05
P00360	0.000425779426374627	0	0.000425779426374627	0
P00401	2.3203537028692e-09	8.10565005719042e-06	8.10797041089329e-06	8.10796245341084e-06
P00410	2.3203537028692e-09	8.10565005719042e-06	8.10797041089329e-06	8.10796245341084e-06
P00420	2.3203537028692e-09	8.10565005719042e-06	8.10797041089329e-06	8.10796245341084e-06
P00425	1.8215581079705e-06	6.28641230292278e-06	8.10797041089329e-06	8.10796245341084e-06
P00427	1.8215581079705e-06	6.28641230292278e-06	8.10797041089329e-06	8.10796245341084e-06
P00549	3.00164158302561e-06	0	3.00164158302561e-06	2.99813243358946e-06
P00560	0.000315606420783155	1.39804966094943e-06	0.000317004470444105	1.3990612876705e-06
P00830	9.04708486919255e-09	2.02636351750856e-05	2.02726822599547e-05	2.0263639007387e-05
P00854	9.04702696784987e-09	2.02635054878204e-05	2.02725525147883e-05	2.02635093200973e-05
P00856	9.04702696784987e-09	2.02635054878204e-05	2.02725525147883e-05	2.02635093200973e-05
P00890	2.73664526685184e-06	0	2.73664526685184e-06	2.73600092365362e-06
P00924	0.000304897910140313	0	0.000304897910140313	0
P00925	0.000304260346166788	0	0.000304260346166788	0
P00942	6.40475630565843e-05	4.29172050732656e-08	6.40904802616576e-05	4.2979882136607e-08
P00950	0.000511424073994926	1.30266189762424e-06	0.00051272673589255	1.30360450189715e-06
P04037	1.8215581079705e-06	6.28641230292278e-06	8.10797041089329e-06	8.10796245341084e-06
P04039	3.64393769024007e-06	1.25720031315465e-05	1.62159408217866e-05	1.62159249068217e-05
P04385	0	0	0	0
P04397	0.000180569955877586	0	0.000180569955877586	0
P04806	2.06472653842892e-06	0	2.06472653842892e-06	2.06472653842892e-06
P04807	4.46515447142481e-06	0	4.46515447142481e-06	0
P05626	9.04702696784987e-09	2.02635054878204e-05	2.02725525147883e-05	2.02635093200973e-05
P06169	4.18963322454053e-07	0	4.18963322454053e-07	4.10219205068695e-07
P07143	7.31438769517996e-09	2.5551219612098e-05	2.55585339997931e-05	2.55585089156383e-05
P07170	0.000582614494637135	0	0.000582614494637135	0
P07251	9.04708486919255e-09	2.02636351750856e-05	2.02726822599547e-05	2.0263639007387e-05
P07255	2.3203537028692e-09	8.10565005719042e-06	8.10797041089329e-06	8.10796245341084e-06
P07256	7.31438769517996e-09	2.5551219612098e-05	2.55585339997931e-05	2.55585089156383e-05
P07257	7.31438769517996e-09	2.5551219612098e-05	2.55585339997931e-05	2.55585089156383e-05
P08067	7.31438769517996e-09	2.5551219612098e-05	2.55585339997931e-05	2.55585089156383e-05
P08417	0.000265648774063864	3.65990947577604e-07	0.000266014765011442	3.66514860859668e-07
P08431	0.00033312783254059	0	0.00033312783254059	0
P08525	7.31438769517996e-09	2.5551219612098e-05	2.55585339997931e-05	2.55585089156383e-05
P09201	1.16820321123234e-08	0	1.16820321123234e-08	0
P09457	9.04702696784987e-09	2.02635054878204e-05	2.02725525147883e-05	2.02635093200973e-05
P09624	7.8198092506811e-08	1.166108870113e-05	1.17392867936368e-05	1.16613430739335e-05
P0CX10	0.000301602646305496	0	0.000301602646305496	0
P0CX11	0.000301602646305496	0	0.000301602646305496	0
P10174	1.8215581079705e-06	6.28641230292278e-06	8.10797041089329e-06	8.10796245341084e-06
P10963	1.31328651327149e-08	0	1.31328651327149e-08	0
P11154	1.62395942915815e-06	0	1.62395942915815e-06	1.62377327128344e-06
P11412	3.00235117340487e-09	2.23033158755017e-07	2.26035509928421e-07	2.23461521016309e-07
P12695	5.67408989184865e-09	8.46134009231367e-07	8.51808099123216e-07	8.46152466640069e-07
P12709	0.000230343565328058	4.89153269438606e-07	0.000230832718597497	4.91531109122668e-07
P14540	0.000356388533949014	1.14781282937358e-05	0.00036786666224275	1.14948341417725e-05
P15019	0.000381241372932952	1.31275518689302e-06	0.000382554128119845	1.3152932734e-06
P16387	7.8198092506811e-08	1.166108870113e-05	1.17392867936368e-05	1.16613430739335e-05
P16451	5.67408989184865e-09	8.46134009231367e-07	8.51808099123216e-07	8.46152466640069e-07
P16467	4.18963322454053e-07	0	4.18963322454053e-07	0
P16861	5.83171701365723e-07	0	5.83171701365723e-07	0
P16862	4.67672375250357e-07	5.81057896489741e-07	1.0487302717401e-06	1.0464498131925e-06
P17505	0.000396064001949058	2.01334325002397e-06	0.000398077345199082	2.01339889407474e-06
P17709	2.06472653842892e-06	0	2.06472653842892e-06	0
P19414	0.000165400921410158	2.69403126493595e-06	0.000168094952675094	2.69781528619858e-06
P19516	0.000105212799508481	0	0.000105212799508481	0
P20967	1.3668257716046e-07	1.33649849359828e-05	1.35016675131432e-05	1.35012450556721e-05
P21306	9.04702696784987e-09	2.02635054878204e-05	2.02725525147883e-05	2.02635093200973e-05
P21801	2.8878063877931e-09	1.7273170576508e-06	1.7302048640386e-06	1.7297896989957e-06
P21826	3.77853785121278e-07	0	3.77853785121278e-07	0
P21954	1.35706273037915e-07	1.35285939551008e-05	1.36643002281387e-05	1.36638807882208e-05
P22289	7.31438769517996e-09	2.5551219612098e-05	2.55585339997931e-05	2.55585089156383e-05
P23254	0.000192444931697913	0	0.000192444931697913	1.13617726787798e-06
P26263	4.18963322454053e-07	0	4.18963322454053e-07	0
P28240	2.46794977632073e-07	3.02810527998885e-07	5.49605505630958e-07	3.03656700157077e-07
P30902	9.04702696784987e-09	2.02635054878204e-05	2.02725525147883e-05	2.02635093200973e-05
P30952	3.77853785121278e-07	0	3.77853785121278e-07	2.0876398135799e-07
P32327	1.62395942915815e-06	0	1.62395942915815e-06	0
P32340	1.56973183973344e-06	3.29554437873541e-06	4.86527621846886e-06	4.86418619946091e-06
P32473	7.8198092506811e-08	1.166108870113e-05	1.17392867936368e-05	1.16613430739335e-05
P32799	1.8215581079705e-06	6.28641230292278e-06	8.10797041089329e-06	8.10796245341084e-06
P33315	0.000189306197096458	0	0.000189306197096458	0
P33401	0.000223724879520134	0	0.000223724879520134	0
P33421	2.8878063877931e-09	1.7273170576508e-06	1.7302048640386e-06	1.7297896989957e-06
P37012	0.000223807861815903	0	0.000223807861815903	0
P37298	2.8878063877931e-09	1.7273170576508e-06	1.7302048640386e-06	1.7297896989957e-06
P37299	7.31438769517996e-09	2.5551219612098e-05	2.55585339997931e-05	2.55585089156383e-05
P38077	9.04702696784987e-09	2.02635054878204e-05	2.02725525147883e-05	2.02635093200973e-05
P38113	0.00037504444490175	0	0.00037504444490175	0
P38720	3.86290471412666e-06	0	3.86290471412666e-06	3.81815690688518e-06
P38824	0.000105212799508481	0	0.000105212799508481	0
P38858	1.43035270682704e-05	0	1.43035270682704e-05	1.4140645049912e-05
P40047	7.18978348455228e-08	0	7.18978348455228e-08	0
P40106	7.97686129649369e-09	0	7.97686129649369e-09	0
P40215	1.56973183973343e-06	0	1.56973183973343e-06	0
P41277	7.97686129649369e-09	0	7.97686129649369e-09	0
P41911	7.87803292643772e-10	0	7.87803292643772e-10	0
P42222	0.000301697629828349	0	0.000301697629828349	3.26459944223324e-06
P43635	2.73664526685184e-06	0	2.73664526685184e-06	0
P46367	7.18978348455228e-08	0	7.18978348455228e-08	0
P46969	0.000543752417127747	6.89123521799852e-07	0.000544441540649547	6.90715695890575e-07
P47052	2.27200482091058e-06	0	2.27200482091058e-06	0
P47081	0.000105212799508481	0	0.000105212799508481	0
P47771	1.0274291965009e-07	0	1.0274291965009e-07	0
P52489	3.00164158302561e-06	0	3.00164158302561e-06	0
P52910	4.1627766013063e-07	0	4.1627766013063e-07	4.07578540064102e-07
P53239	0.000105212799508481	0	0.000105212799508481	0
P53312	1.89046437893038e-08	1.84851855088734e-06	1.86742319467665e-06	1.86736476434723e-06
P53315	1.43035270682704e-05	0	1.43035270682704e-05	0
P53319	3.86290471412666e-06	0	3.86290471412666e-06	0
P53598	1.89046437893332e-08	1.84851855088734e-06	1.86742319467668e-06	1.86736476434723e-06
P54115	1.72717074775499e-07	1.00799774304962e-06	1.18071481782512e-06	1.15607230519359e-06
P61829	9.04708486919255e-09	2.02636351750856e-05	2.02726822599547e-05	2.0263639007387e-05
P81449	9.04702696784987e-09	2.02635054878204e-05	2.02725525147883e-05	2.02635093200973e-05
P81450	9.04702696784987e-09	2.02635054878204e-05	2.02725525147883e-05	2.02635093200973e-05
P81451	9.04702696784987e-09	2.02635054878204e-05	2.02725525147883e-05	2.02635093200973e-05
Q00055	7.87803292643772e-10	0	7.87803292643772e-10	0
Q00711	1.7302048640386e-06	0	1.7302048640386e-06	1.7297896989957e-06
Q01519	1.8215581079705e-06	6.28641230292278e-06	8.10797041089329e-06	8.10796245341084e-06
Q01574	4.1627766013063e-07	0	4.1627766013063e-07	0
Q04458	1.65322810065499e-07	0	1.65322810065499e-07	0
Q04935	0.000105212799508481	0	0.000105212799508481	0
Q06204	9.08079466834326e-06	0	9.08079466834326e-06	0
Q06405	9.04702696784987e-09	2.02635054878204e-05	2.02725525147883e-05	2.02635093200973e-05
Q07500	1.56973183973343e-06	0	1.56973183973343e-06	0
Q12055	0.00062188723805614	0	0.00062188723805614	5.08662087264144e-07
Q12165	9.04702696784987e-09	2.02635054878204e-05	2.02725525147883e-05	2.02635093200973e-05
Q12189	0.000499677595096259	6.30149208826996e-06	0.000505979087184529	6.31090415906668e-06
Q12233	9.04702696784987e-09	2.02635054878204e-05	2.02725525147883e-05	2.02635093200973e-05
Q12349	9.04702696784987e-09	2.02635054878204e-05	2.02725525147883e-05	2.02635093200973e-05
Q3E731	0.000105212799508481	0	0.000105212799508481	0
