enzymes	ranges	minU	maxU	pU
P00127	3.94468074713256e-09	1.37351826884273e-05	1.37391273691744e-05	1.37391138803231e-05
P00128	3.94468074713256e-09	1.37351826884273e-05	1.37391273691744e-05	1.37391138803231e-05
P00163	3.94468074713256e-09	1.37351826884273e-05	1.37391273691744e-05	1.37391138803231e-05
P00330	0.000617283950617284	0	0.000617283950617284	0
P00358	0.000718399276967576	0	0.000718399276967576	0
P00359	0.000720411003149711	0	0.000720411003149711	1.66061580080054e-05
P00360	0.000720344502928439	0	0.000720344502928439	0
P00401	1.25137673304868e-09	4.35723171082048e-06	4.35848308755353e-06	4.35847880846586e-06
P00410	1.25137673304868e-09	4.35723171082048e-06	4.35848308755353e-06	4.35847880846586e-06
P00420	1.25137673304868e-09	4.35723171082048e-06	4.35848308755353e-06	4.35847880846586e-06
P00425	3.24445116590299e-06	1.11403192165054e-06	4.35848308755353e-06	4.35847880846586e-06
P00427	3.24445116590299e-06	1.11403192165054e-06	4.35848308755353e-06	4.35847880846586e-06
P00549	1.61647545435173e-06	0	1.61647545435173e-06	1.61458295419281e-06
P00560	0.000562351912540754	7.53097532404788e-07	0.000563105010073159	7.5364310671275e-07
P00830	4.87913178634764e-09	1.08927464056878e-05	1.08976255374741e-05	1.08927484664845e-05
P00854	4.87910055990206e-09	1.08926766921108e-05	1.08975557926707e-05	1.08926787528943e-05
P00856	4.87910055990206e-09	1.08926766921108e-05	1.08975557926707e-05	1.08926787528943e-05
P00890	1.46936764498439e-06	0	1.46936764498439e-06	1.46902015427403e-06
P00924	0.000539171149816219	0	0.000539171149816219	0
P00925	0.000538043703253765	0	0.000538043703253765	0
P00942	6.40871618072315e-05	2.31178297496567e-08	6.41102796369812e-05	2.31516317388149e-08
P00950	0.000911263397495824	7.01714315350086e-07	0.000911965111811175	7.02222665577661e-07
P04037	3.24445116590299e-06	1.11403192165054e-06	4.35848308755353e-06	4.35847880846586e-06
P04039	6.48934420816065e-06	2.22762196694641e-06	8.71696617510705e-06	8.71695761693172e-06
P04385	0	0	0	0
P04397	0.000321742779200525	0	0.000321742779200525	0
P04806	1.11351590353193e-06	0	1.11351590353193e-06	1.11351590353193e-06
P04807	2.40807701316297e-06	0	2.40807701316297e-06	0
P05626	4.87910055990206e-09	1.08926766921108e-05	1.08975557926707e-05	1.08926787528943e-05
P06169	2.26455837212592e-07	0	2.26455837212592e-07	2.21740079732452e-07
P07143	3.94468074713256e-09	1.37351826884273e-05	1.37391273691744e-05	1.37391138803231e-05
P07170	0.00103752141626992	0	0.00103752141626992	0
P07251	4.87913178634764e-09	1.08927464056878e-05	1.08976255374741e-05	1.08927484664845e-05
P07255	1.25137673304868e-09	4.35723171082048e-06	4.35848308755353e-06	4.35847880846586e-06
P07256	3.94468074713256e-09	1.37351826884273e-05	1.37391273691744e-05	1.37391138803231e-05
P07257	3.94468074713256e-09	1.37351826884273e-05	1.37391273691744e-05	1.37391138803231e-05
P08067	3.94468074713256e-09	1.37351826884273e-05	1.37391273691744e-05	1.37391138803231e-05
P08417	0.000473337088515103	1.96482126725846e-07	0.000473533570641828	1.96764676279151e-07
P08431	0.000593573134299916	0	0.000593573134299916	0
P08525	3.94468074713256e-09	1.37351826884273e-05	1.37391273691744e-05	1.37391138803231e-05
P09201	6.30017016888388e-09	0	6.30017016888388e-09	0
P09457	4.87910055990206e-09	1.08926766921108e-05	1.08975557926707e-05	1.08926787528943e-05
P09624	4.21725676610892e-08	6.26980400541048e-06	6.31197657307157e-06	6.26994079283465e-06
P0CX10	0.000533343916727122	0	0.000533343916727122	0
P0CX11	0.000533343916727122	0	0.000533343916727122	0
P10174	3.24445116590299e-06	1.11403192165054e-06	4.35848308755353e-06	4.35847880846586e-06
P10963	7.08261065759712e-09	0	7.08261065759712e-09	0
P11154	8.77748801498132e-07	0	8.77748801498132e-07	8.7764869623596e-07
P11412	1.61918090254942e-09	1.20558994423846e-07	1.22178175326395e-07	1.20790012884472e-07
P12695	3.06006108599458e-09	4.54939889075604e-07	4.57999950161599e-07	4.54949814434598e-07
P12709	0.00041042733348852	2.63389113377674e-07	0.000410690722601898	2.64671491761978e-07
P14540	0.000634998715538566	6.18289481881235e-06	0.000641181610357379	6.19190434899951e-06
P15019	0.000679299544081331	7.09600539994472e-07	0.000680009144621325	7.10969346004625e-07
P16387	4.21725676610892e-08	6.26980400541048e-06	6.31197657307157e-06	6.26994079283465e-06
P16451	3.06006108599458e-09	4.54939889075604e-07	4.57999950161599e-07	4.54949814434598e-07
P16467	2.26455837212592e-07	0	2.26455837212592e-07	0
P16861	3.14136995917991e-07	0	3.14136995917991e-07	0
P16862	2.51922335775775e-07	3.12997011855765e-07	5.64919347631541e-07	5.63689486024824e-07
P17505	0.000705713927375388	1.0809683270764e-06	0.000706794895702464	1.08099824932544e-06
P17709	1.11351590353193e-06	0	1.11351590353193e-06	0
P19414	0.000294709615410847	1.44647668535415e-06	0.000296156092096201	1.44851743055772e-06
P19516	0.000187470049249362	0	0.000187470049249362	0
P20967	7.37135018080122e-08	7.17402493925363e-06	7.24773844106164e-06	7.24751126713233e-06
P21306	4.87910055990206e-09	1.08926766921108e-05	1.08975557926707e-05	1.08926787528943e-05
P21801	1.55740640695717e-09	9.27309626818286e-07	9.28867033225243e-07	9.28643137021983e-07
P21826	2.04245735834147e-07	0	2.04245735834147e-07	0
P21954	7.31869767952112e-08	7.26282147004464e-06	7.33600844683985e-06	7.33578289558138e-06
P22289	3.94468074713256e-09	1.37351826884273e-05	1.37391273691744e-05	1.37391138803231e-05
P23254	0.000341491508400963	0	0.000341491508400963	6.14149883848251e-07
P26263	2.26455837212592e-07	0	2.26455837212592e-07	0
P28240	1.33098312204659e-07	1.63986394463188e-07	2.97084706667848e-07	1.64441418381991e-07
P30902	4.87910055990206e-09	1.08926766921108e-05	1.08975557926707e-05	1.08926787528943e-05
P30952	2.04245735834147e-07	0	2.04245735834147e-07	1.13053475137619e-07
P32327	8.77748801498132e-07	0	8.77748801498132e-07	0
P32340	8.45699451339467e-07	1.7701905675564e-06	2.61589001889587e-06	2.61530217377323e-06
P32473	4.21725676610892e-08	6.26980400541048e-06	6.31197657307157e-06	6.26994079283465e-06
P32799	3.24445116590299e-06	1.11403192165054e-06	4.35848308755353e-06	4.35847880846586e-06
P33315	0.000335921856843687	0	0.000335921856843687	0
P33401	0.000398636994528089	0	0.000398636994528089	0
P33421	1.55740640695717e-09	9.27309626818286e-07	9.28867033225243e-07	9.28643137021983e-07
P37012	0.000398784853867896	0	0.000398784853867896	0
P37298	1.55740640695717e-09	9.27309626818286e-07	9.28867033225243e-07	9.28643137021983e-07
P37299	3.94468074713256e-09	1.37351826884273e-05	1.37391273691744e-05	1.37391138803231e-05
P38077	4.87910055990206e-09	1.08926766921108e-05	1.08975557926707e-05	1.08926787528943e-05
P38113	0.000668260904423168	0	0.000668260904423168	0
P38720	2.08800129496003e-06	0	2.08800129496003e-06	2.06386862481577e-06
P38824	0.000187470049249362	0	0.000187470049249362	0
P38858	7.73143493465415e-06	0	7.73143493465415e-06	7.6435920153294e-06
P40047	3.87748116035841e-08	0	3.87748116035841e-08	0
P40106	4.30195560997526e-09	0	4.30195560997526e-09	0
P40215	8.4569945133946e-07	0	8.4569945133946e-07	0
P41277	4.30195560997526e-09	0	4.30195560997526e-09	0
P41911	4.24865704490138e-10	0	4.24865704490138e-10	0
P42222	0.000533511882375712	0	0.000533511882375712	1.75856689588914e-06
P43635	1.46936764498439e-06	0	1.46936764498439e-06	0
P46367	3.87748116035841e-08	0	3.87748116035841e-08	0
P46969	0.000968865808033888	3.72501171785079e-07	0.000969238309205673	3.73359841282197e-07
P47052	1.21973439176829e-06	0	1.21973439176829e-06	0
P47081	0.000187470049249362	0	0.000187470049249362	0
P47771	5.54096985199676e-08	0	5.54096985199676e-08	0
P52489	1.61647545435173e-06	0	1.61647545435173e-06	0
P52910	2.25004197230451e-07	0	2.25004197230451e-07	2.20312724358974e-07
P53239	0.000187470049249362	0	0.000187470049249362	0
P53312	1.01953557146543e-08	9.92243406802135e-07	1.00243876251679e-06	1.00240734196338e-06
P53315	7.73143493465415e-06	0	7.73143493465415e-06	0
P53319	2.08800129496003e-06	0	2.08800129496003e-06	0
P53598	1.01953557146492e-08	9.9224340680213e-07	1.00243876251678e-06	1.00240734196338e-06
P54115	9.3147061375797e-08	5.45046661677866e-07	6.38193723053663e-07	6.24903861064184e-07
P61829	4.87913178634764e-09	1.08927464056878e-05	1.08976255374741e-05	1.08927484664845e-05
P81449	4.87910055990206e-09	1.08926766921108e-05	1.08975557926707e-05	1.08926787528943e-05
P81450	4.87910055990206e-09	1.08926766921108e-05	1.08975557926707e-05	1.08926787528943e-05
P81451	4.87910055990206e-09	1.08926766921108e-05	1.08975557926707e-05	1.08926787528943e-05
Q00055	4.24865704490138e-10	0	4.24865704490138e-10	0
Q00711	9.28867033225237e-07	0	9.28867033225237e-07	9.28643137021983e-07
Q01519	3.24445116590299e-06	1.11403192165054e-06	4.35848308755353e-06	4.35847880846586e-06
Q01574	2.25004197230451e-07	0	2.25004197230451e-07	0
Q04458	8.91593026106899e-08	0	8.91593026106899e-08	0
Q04935	0.000187470049249362	0	0.000187470049249362	0
Q06204	4.89731162539436e-06	0	4.89731162539436e-06	0
Q06405	4.87910055990206e-09	1.08926766921108e-05	1.08975557926707e-05	1.08926787528943e-05
Q07500	8.4569945133946e-07	0	8.4569945133946e-07	0
Q12055	0.00110745842049476	0	0.00110745842049476	2.7495247960224e-07
Q12165	4.87910055990206e-09	1.08926766921108e-05	1.08975557926707e-05	1.08926787528943e-05
Q12189	0.000890322772601627	3.4062235899795e-06	0.000893728996191607	3.41129957893382e-06
Q12233	4.87910055990206e-09	1.08926766921108e-05	1.08975557926707e-05	1.08926787528943e-05
Q12349	4.87910055990206e-09	1.08926766921108e-05	1.08975557926707e-05	1.08926787528943e-05
Q3E731	0.000187470049249362	0	0.000187470049249362	0
