enzymes	ranges	minU	maxU	pU
P00127	7.41198319284722e-06	2.82579038705696e-05	3.56698870634168e-05	2.82579038705696e-05
P00128	7.41198319284722e-06	2.82579038705696e-05	3.56698870634168e-05	2.82579038705696e-05
P00163	7.41198319284722e-06	2.82579038705696e-05	3.56698870634168e-05	2.82579038705696e-05
P00330	7.34299010235471e-05	0	7.34299010235471e-05	2.21625229221041e-06
P00358	0.000228252591001361	0	0.000228252591001361	0
P00359	0.000229125912032298	0	0.000229125912032298	0.000128823812699414
P00360	0.000229097014717093	0	0.000229097014717093	0
P00401	2.35131406261916e-06	8.96429538792402e-06	1.13156094505432e-05	8.96429538792402e-06
P00410	2.35131406261916e-06	8.96429538792402e-06	1.13156094505432e-05	8.96429538792402e-06
P00420	2.35131406261916e-06	8.96429538792402e-06	1.13156094505432e-05	8.96429538792402e-06
P00425	2.35131406261917e-06	8.96429538792402e-06	1.13156094505432e-05	8.96429538792402e-06
P00427	2.35131406261917e-06	8.96429538792402e-06	1.13156094505432e-05	8.96429538792402e-06
P00549	2.39092620245327e-05	0	2.39092620245327e-05	1.32320342631871e-05
P00560	6.02246039112699e-05	4.32636154742812e-06	6.45509654586981e-05	5.89531776270617e-06
P00830	2.65302404676152e-05	1.86866911957535e-06	2.83989095871905e-05	2.2514184565594e-05
P00854	2.65300706740762e-05	1.86865716009298e-06	2.83987278341692e-05	2.25140404748127e-05
P00856	2.65300706740762e-05	1.86865716009298e-06	2.83987278341692e-05	2.25140404748127e-05
P00890	3.49809168962093e-06	0	3.49809168962093e-06	2.43699218197221e-06
P00924	6.99546687183595e-05	0	6.99546687183595e-05	0
P00925	6.98083883567323e-05	0	6.98083883567323e-05	0
P00942	6.38305091715186e-05	1.35514272460503e-07	6.39660234439791e-05	1.83835405820632e-07
P00950	9.65105125263891e-05	4.03117750434839e-06	0.000100541690030737	5.49308514452153e-06
P04037	2.35131406261916e-06	8.96429538792402e-06	1.13156094505432e-05	8.96429538792402e-06
P04039	4.70262812523832e-06	1.7928590775848e-05	2.26312189010864e-05	1.7928590775848e-05
P04385	0	0	0	0
P04397	3.35591419724603e-05	0	3.35591419724603e-05	0
P04806	1.14197241316227e-05	0	1.14197241316227e-05	6.89880834052375e-06
P04807	2.22810428186744e-05	0	2.22810428186744e-05	0
P05626	2.65300706740762e-05	1.86865716009298e-06	2.83987278341692e-05	2.25140404748127e-05
P06169	7.58845549075007e-05	0	7.58845549075007e-05	3.59254927539163e-05
P07143	7.41198319284722e-06	2.82579038705696e-05	3.56698870634168e-05	2.82579038705696e-05
P07170	0.000109002521496302	0	0.000109002521496302	0
P07251	2.65302404676152e-05	1.86866911957535e-06	2.83989095871905e-05	2.2514184565594e-05
P07255	2.35131406261916e-06	8.96429538792402e-06	1.13156094505432e-05	8.96429538792402e-06
P07256	7.41198319284722e-06	2.82579038705696e-05	3.56698870634168e-05	2.82579038705696e-05
P07257	7.41198319284722e-06	2.82579038705696e-05	3.56698870634168e-05	2.82579038705696e-05
P08067	7.41198319284722e-06	2.82579038705696e-05	3.56698870634168e-05	2.82579038705696e-05
P08417	4.94227732069719e-05	2.69038669343877e-07	4.96918118763158e-05	3.20767398995119e-07
P08431	6.19122055652854e-05	0	6.19122055652854e-05	0
P08525	7.41198319284722e-06	2.82579038705696e-05	3.56698870634168e-05	2.82579038705696e-05
P09201	4.15141140534851e-06	0	4.15141140534851e-06	0
P09457	2.65300706740762e-05	1.86865716009298e-06	2.83987278341692e-05	2.25140404748127e-05
P09624	6.61893838973149e-06	9.38632360903502e-06	1.60052619987665e-05	1.21556905641801e-05
P0CX10	6.91986153567667e-05	0	6.91986153567667e-05	0
P0CX11	6.91986153567667e-05	0	6.91986153567667e-05	0
P10174	2.35131406261917e-06	8.96429538792402e-06	1.13156094505432e-05	8.96429538792402e-06
P10963	3.53131547867235e-06	0	3.53131547867235e-06	0
P11154	6.64502032348947e-06	0	6.64502032348947e-06	2.87864864617791e-06
P11412	3.73318115018742e-07	8.12025193311535e-08	4.54520634349895e-07	2.30840441017052e-07
P12695	4.80087646349531e-07	6.81075998203e-07	1.16116364455253e-06	8.82022550008464e-07
P12709	4.35116294295201e-05	1.62598834941758e-06	4.51376177789377e-05	2.32843075365763e-06
P14540	7.91867490346119e-05	3.61111168541524e-05	0.000115297865888764	4.90656906948297e-05
P15019	7.17405281136365e-05	4.66037029001989e-07	7.22065651426384e-05	1.3528729352677e-06
P16387	6.61893838973149e-06	9.38632360903502e-06	1.60052619987665e-05	1.21556905641801e-05
P16451	4.80273242070117e-07	6.81075998203e-07	1.16134924027312e-06	8.82022550008464e-07
P16467	7.54060799050367e-05	0	7.54060799050367e-05	0
P16861	4.3353986940838e-06	0	4.3353986940838e-06	0
P16862	6.09686668500313e-06	1.83974246640025e-06	7.93660915140338e-06	4.46677022291058e-06
P17505	6.45885056097182e-05	1.45976236468091e-06	6.60482679743992e-05	1.74372827058626e-06
P17709	1.1387567028634e-05	0	1.1387567028634e-05	0
P19414	3.08268754127102e-05	2.31535910571198e-06	3.31422345184222e-05	2.40297973002563e-06
P19516	1.70941126009886e-05	0	1.70941126009886e-05	0
P20967	7.8229597646684e-06	9.51293072817794e-06	1.73358904928463e-05	1.19418220575637e-05
P21306	2.65300706740762e-05	1.86865716009298e-06	2.83987278341692e-05	2.25140404748127e-05
P21801	9.29742453302263e-07	1.26739058018808e-06	2.19713303349034e-06	1.51388170524372e-06
P21826	7.09009138239671e-07	0	7.09009138239671e-07	0
P21954	7.72410743214109e-06	9.92912446263936e-06	1.76532318947805e-05	1.22976925197499e-05
P22289	7.41198319284722e-06	2.82579038705696e-05	3.56698870634168e-05	2.82579038705696e-05
P23254	3.65745425284462e-05	0	3.65745425284462e-05	1.01958263793819e-06
P26263	7.57865767271117e-05	0	7.57865767271117e-05	0
P28240	1.03040524773004e-06	0	1.03040524773004e-06	8.79148460306731e-10
P30902	2.65300706740762e-05	1.86865716009298e-06	2.83987278341692e-05	2.25140404748127e-05
P30952	7.09009190823261e-07	0	7.09009190823261e-07	6.04414566460878e-10
P32327	6.64496827150584e-06	0	6.64496827150584e-06	0
P32340	4.34952685392511e-06	2.56202645220466e-06	6.91155330612977e-06	5.55275033560541e-06
P32473	6.61893838973149e-06	9.38632360903502e-06	1.60052619987665e-05	1.21556905641801e-05
P32799	2.35131406261916e-06	8.96429538792402e-06	1.13156094505432e-05	8.96429538792402e-06
P33315	3.59780197665654e-05	0	3.59780197665654e-05	0
P33401	4.15795360756343e-05	0	4.15795360756343e-05	0
P33421	9.29742453302263e-07	1.26739058018808e-06	2.19713303349034e-06	1.51388170524372e-06
P37012	4.15949584344169e-05	0	4.15949584344169e-05	0
P37298	9.30562912883691e-07	1.26700944639908e-06	2.19757235928277e-06	1.51388170524372e-06
P37299	7.41198319284722e-06	2.82579038705696e-05	3.56698870634168e-05	2.82579038705696e-05
P38077	2.65300706740762e-05	1.86865716009298e-06	2.83987278341692e-05	2.25140404748127e-05
P38113	7.18716835560929e-05	0	7.18716835560929e-05	0
P38720	7.7867708843147e-06	0	7.7867708843147e-06	3.8996000534397e-06
P38824	1.70941126009886e-05	0	1.70941126009886e-05	0
P38858	2.87962569275007e-05	0	2.87962569275007e-05	1.4607583107559e-05
P40047	8.49259870885321e-06	0	8.49259870885321e-06	0
P40106	4.10692951015532e-06	0	4.10692951015532e-06	0
P40215	3.2583824663438e-06	0	3.2583824663438e-06	0
P41277	4.10692951015532e-06	0	4.10692951015532e-06	0
P41911	4.05604719764012e-07	0	4.05604719764012e-07	0
P42222	6.9220408031147e-05	0	6.9220408031147e-05	1.37562601792546e-05
P43635	3.49751322269854e-06	0	3.49751322269854e-06	0
P46367	8.32030590518916e-06	0	8.32030590518916e-06	0
P46969	0.000101616402925091	6.01713505947481e-08	0.000101676574275686	6.19834379010882e-07
P47052	2.87098569424816e-06	0	2.87098569424816e-06	0
P47081	1.70941126009886e-05	0	1.70941126009886e-05	0
P47771	1.19224314558037e-05	0	1.19224314558037e-05	0
P52489	2.38461122707752e-05	0	2.38461122707752e-05	0
P52910	4.34283290737696e-06	0	4.34283290737696e-06	6.94055181233974e-07
P53239	1.70941126009886e-05	0	1.70941126009886e-05	0
P53312	1.08035949658405e-06	1.31684745903685e-06	2.3972069556209e-06	1.65168009620199e-06
P53315	2.87763099004331e-05	0	2.87763099004331e-05	0
P53319	7.78593531856118e-06	0	7.78593531856118e-06	0
P53598	1.08076380357339e-06	1.31692248344408e-06	2.39768628701747e-06	1.65168009620199e-06
P54115	1.96022487380329e-05	0	1.96022487380329e-05	1.05797039887929e-05
P61829	2.65302404676152e-05	1.86866911957535e-06	2.83989095871905e-05	2.2514184565594e-05
P81449	2.65300706740762e-05	1.86865716009298e-06	2.83987278341692e-05	2.25140404748127e-05
P81450	2.65300706740762e-05	1.86865716009298e-06	2.83987278341692e-05	2.25140404748127e-05
P81451	2.65300706740762e-05	1.86865716009298e-06	2.83987278341692e-05	2.25140404748127e-05
Q00055	4.05604719764012e-07	0	4.05604719764012e-07	0
Q00711	2.19713303349034e-06	0	2.19713303349034e-06	1.51388170524372e-06
Q01519	2.35131406261917e-06	8.96429538792402e-06	1.13156094505432e-05	8.96429538792402e-06
Q01574	4.33199797710066e-06	0	4.33199797710066e-06	0
Q04458	1.83252380733906e-05	0	1.83252380733906e-05	0
Q04935	1.70941126009886e-05	0	1.70941126009886e-05	0
Q06204	3.92836607422408e-05	0	3.92836607422408e-05	0
Q06405	2.65300706740762e-05	1.86865716009298e-06	2.83987278341692e-05	2.25140404748127e-05
Q07500	3.25372835762629e-06	0	3.25372835762629e-06	0
Q12055	0.000101609743233958	0	0.000101609743233958	8.66187795626929e-07
Q12165	2.65300706740762e-05	1.86865716009298e-06	2.83987278341692e-05	2.25140404748127e-05
Q12189	9.61518040609716e-05	4.16985565762409e-06	0.000100321659718596	7.45773332577813e-06
Q12233	2.65300706740762e-05	1.86865716009298e-06	2.83987278341692e-05	2.25140404748127e-05
Q12349	2.65300706740762e-05	1.86865716009298e-06	2.83987278341692e-05	2.25140404748127e-05
Q3E731	1.70941126009886e-05	0	1.70941126009886e-05	0
