enzymes	ranges	minU	maxU	pU
P00127	2.31148449358707e-05	2.52860091340104e-05	4.84008540698811e-05	2.57000138572115e-05
P00128	2.31148449358707e-05	2.52860091340104e-05	4.84008540698811e-05	2.57000138572115e-05
P00163	2.31148449358707e-05	2.52860091340104e-05	4.84008540698811e-05	2.57000138572115e-05
P00330	0.000277336107282281	0	0.000277336107282281	9.74447718048654e-07
P00358	0.000353380963329206	0	0.000353380963329206	0
P00359	0.000354370532443471	0	0.000354370532443471	6.93235696577829e-05
P00360	0.000354337820951396	0	0.000354337820951396	0
P00401	7.33275542305919e-06	8.02151695671564e-06	1.53542723797748e-05	8.15285226905052e-06
P00410	7.33275542305919e-06	8.02151695671564e-06	1.53542723797748e-05	8.15285226905052e-06
P00420	7.33275542305919e-06	8.02151695671564e-06	1.53542723797748e-05	8.15285226905052e-06
P00425	7.33275542305919e-06	8.02151695671564e-06	1.53542723797748e-05	8.15285226905052e-06
P00427	7.33275542305919e-06	8.02151695671564e-06	1.53542723797748e-05	8.15285226905052e-06
P00549	9.29531045968132e-06	0	9.29531045968132e-06	7.02771349289373e-06
P00560	0.000229042722772371	1.75060177832658e-06	0.000230793324550698	3.16601378632634e-06
P00830	1.33702890542114e-05	2.02343055365536e-05	3.3604594590765e-05	2.03584575897698e-05
P00854	1.33702034843614e-05	2.02341760369982e-05	3.36043795213597e-05	2.03583272956413e-05
P00856	1.33702034843614e-05	2.02341760369982e-05	3.36043795213597e-05	2.03583272956413e-05
P00890	5.53306828358689e-06	0	5.53306828358689e-06	2.61313789927441e-06
P00924	0.000224991173287863	0	0.000224991173287863	0
P00925	0.000224520700183002	0	0.000224520700183002	0
P00942	6.403029922208e-05	5.15491223254017e-08	6.40818483444054e-05	9.76293639494695e-08
P00950	0.000339919310070056	1.63115967782617e-06	0.000341550469747882	2.94999930403011e-06
P04037	7.33275542305919e-06	8.02151695671564e-06	1.53542723797748e-05	8.15285226905052e-06
P04039	1.46655108461184e-05	1.60430339134313e-05	3.07085447595497e-05	1.6305704538101e-05
P04385	0	0	0	0
P04397	0.000130234284358953	0	0.000130234284358953	0
P04806	8.92634084702647e-06	0	8.92634084702647e-06	3.9642671420094e-06
P04807	6.98963457711374e-06	0	6.98963457711374e-06	0
P05626	1.33702034843614e-05	2.02341760369982e-05	3.36043795213597e-05	2.03583272956413e-05
P06169	6.55985609529842e-05	0	6.55985609529842e-05	1.46552487469464e-05
P07143	2.31148449358707e-05	2.52860091340104e-05	4.84008540698811e-05	2.57000138572115e-05
P07170	0.000420453723426401	0	0.000420453723426401	0
P07251	1.33702890542114e-05	2.02343055365536e-05	3.3604594590765e-05	2.03584575897698e-05
P07255	7.33275542305919e-06	8.02151695671564e-06	1.53542723797748e-05	8.15285226905052e-06
P07256	2.31148449358707e-05	2.52860091340104e-05	4.84008540698811e-05	2.57000138572115e-05
P07257	2.31148449358707e-05	2.52860091340104e-05	4.84008540698811e-05	2.57000138572115e-05
P08067	2.31148449358707e-05	2.52860091340104e-05	4.84008540698811e-05	2.57000138572115e-05
P08417	0.000191596157340208	3.48035677437704e-07	0.000191944193017646	3.48035677437704e-07
P08431	0.000240265135249768	0	0.000240265135249768	0
P08525	2.31148449358707e-05	2.52860091340104e-05	4.84008540698811e-05	2.57000138572115e-05
P09201	2.21160507100073e-05	0	2.21160507100073e-05	0
P09457	1.33702034843614e-05	2.02341760369982e-05	3.36043795213597e-05	2.03583272956413e-05
P09624	2.16497459793366e-05	1.50113078242577e-07	2.17998590575792e-05	1.17039136470342e-05
P0CX10	0.000222559522391512	0	0.000222559522391512	0
P0CX11	0.000222559522391512	0	0.000222559522391512	0
P10174	7.33275542305919e-06	8.02151695671564e-06	1.53542723797748e-05	8.15285226905052e-06
P10963	2.23647206724242e-05	0	2.23647206724242e-05	0
P11154	2.52126766210413e-05	0	2.52126766210413e-05	2.10201166200956e-06
P11412	4.48687981606897e-07	4.76586549068163e-09	4.53453847097579e-07	2.7784576615143e-07
P12695	1.57091561807275e-06	1.08922746397723e-08	1.58180789271252e-06	8.49241407185516e-07
P12709	0.000153211326052055	5.96248725114922e-07	0.00015380757477717	1.1699740448832e-06
P14540	0.000268798073574404	1.43024933262868e-05	0.000283100566900691	2.60705246704604e-05
P15019	0.000276582738703999	1.73746844574802e-08	0.000276600113388457	1.6353986651515e-06
P16387	2.16497459793366e-05	1.50113078242577e-07	2.17998590575792e-05	1.17039136470342e-05
P16451	1.57090755990863e-06	1.08922746397723e-08	1.5817998345484e-06	8.49241407185516e-07
P16467	6.54884772903271e-05	0	6.54884772903271e-05	0
P16861	2.88672085057468e-06	0	2.88672085057468e-06	0
P16862	4.492209618581e-06	7.24035877109536e-07	5.21624549569053e-06	2.37337010127811e-06
P17505	0.000285657221343882	1.89380667056146e-06	0.000287551028014444	1.89380667056146e-06
P17709	8.91947744362554e-06	0	8.91947744362554e-06	0
P19414	0.000119291037070601	2.57666702838433e-06	0.000121867704098986	2.57666702838433e-06
P19516	6.98159797047271e-05	0	6.98159797047271e-05	0
P20967	1.51655630406707e-05	1.26330024146969e-05	2.77985654553676e-05	1.29574433866196e-05
P21306	1.33702034843614e-05	2.02341760369982e-05	3.36043795213597e-05	2.03583272956413e-05
P21801	1.88135698037181e-06	1.64257604262665e-06	3.52393302299846e-06	1.64257604262665e-06
P21826	7.04775762651787e-07	0	7.04775762651787e-07	0
P21954	1.50572375903801e-05	1.28648902195723e-05	2.79221278099524e-05	1.31870137559812e-05
P22289	2.31148449358707e-05	2.52860091340104e-05	4.84008540698811e-05	2.57000138572115e-05
P23254	0.000139392225117533	0	0.000139392225117533	1.41269153614691e-06
P26263	6.55761020899676e-05	0	6.55761020899676e-05	0
P28240	1.02418908633044e-06	0	1.02418908633044e-06	0
P30902	1.33702034843614e-05	2.02341760369982e-05	3.36043795213597e-05	2.03583272956413e-05
P30952	7.04775809936326e-07	0	7.04775809936326e-07	0
P32327	2.52087869712074e-05	0	2.52087869712074e-05	0
P32340	6.0263343695653e-06	3.21140138942762e-06	9.23773575899291e-06	4.93356919629049e-06
P32473	2.16497459793366e-05	1.50113078242577e-07	2.17998590575792e-05	1.17039136470342e-05
P32799	7.33275542305919e-06	8.02151695671564e-06	1.53542723797748e-05	8.15285226905052e-06
P33315	0.000137118768517299	0	0.000137118768517299	0
P33401	0.000148403404364049	0	0.000148403404364049	0
P33421	1.88135698037181e-06	1.64257604262665e-06	3.52393302299846e-06	1.64257604262665e-06
P37012	0.0001614191938844	0	0.0001614191938844	0
P37298	1.88137785364046e-06	1.64257604262665e-06	3.52395389626711e-06	1.64257604262665e-06
P37299	2.31148449358707e-05	2.52860091340104e-05	4.84008540698811e-05	2.57000138572115e-05
P38077	1.33702034843614e-05	2.02341760369982e-05	3.36043795213597e-05	2.03583272956413e-05
P38113	0.000271450903016727	0	0.000271450903016727	0
P38720	6.49725075001956e-06	0	6.49725075001956e-06	4.74738904225609e-06
P38824	6.98159797047271e-05	0	6.98159797047271e-05	0
P38858	2.86943438549544e-05	0	2.86943438549544e-05	1.75820800820625e-05
P40047	1.98265203085971e-05	0	1.98265203085971e-05	0
P40106	4.10692951015532e-06	0	4.10692951015532e-06	0
P40215	4.29114067483305e-06	0	4.29114067483305e-06	0
P41277	4.10692951015532e-06	0	4.10692951015532e-06	0
P41911	4.05604719764012e-07	0	4.05604719764012e-07	0
P42222	0.000222629612915386	0	0.000222629612915386	7.38764408109186e-06
P43635	5.53241223482957e-06	0	5.53241223482957e-06	0
P46367	1.9826026851444e-05	0	1.9826026851444e-05	0
P46969	0.000393033688660881	0	0.000393033688660881	8.58816881005613e-07
P47052	4.61115212876124e-06	0	4.61115212876124e-06	0
P47081	6.98159797047271e-05	0	6.98159797047271e-05	0
P47771	2.78336706031353e-05	0	2.78336706031353e-05	0
P52489	1.94904467849201e-05	0	1.94904467849201e-05	0
P52910	1.18792909885992e-05	0	1.18792909885992e-05	5.06770449789886e-07
P53239	6.98159797047271e-05	0	6.98159797047271e-05	0
P53312	2.09754951816352e-06	1.74727763845808e-06	3.84482715662161e-06	1.79215125097165e-06
P53315	2.40281393944592e-05	0	2.40281393944592e-05	0
P53319	7.75748907822847e-06	0	7.75748907822847e-06	0
P53598	2.09754951816352e-06	1.74727763845808e-06	3.84482715662161e-06	1.79215125097165e-06
P54115	2.44902212220454e-05	0	2.44902212220454e-05	1.43738527576768e-06
P61829	1.33702890542114e-05	2.02343055365536e-05	3.3604594590765e-05	2.03584575897698e-05
P81449	1.33702034843614e-05	2.02341760369982e-05	3.36043795213597e-05	2.03583272956413e-05
P81450	1.33702034843614e-05	2.02341760369982e-05	3.36043795213597e-05	2.03583272956413e-05
P81451	1.33702034843614e-05	2.02341760369982e-05	3.36043795213597e-05	2.03583272956413e-05
Q00055	4.05604719764012e-07	0	4.05604719764012e-07	0
Q00711	3.52395389626711e-06	0	3.52395389626711e-06	1.64257604262665e-06
Q01519	7.33275542305919e-06	8.02151695671564e-06	1.53542723797748e-05	8.15285226905052e-06
Q01574	1.27611137310573e-05	0	1.27611137310573e-05	0
Q04458	4.27817381843751e-05	0	4.27817381843751e-05	0
Q04935	6.98159797047271e-05	0	6.98159797047271e-05	0
Q06204	3.64894422719949e-05	0	3.64894422719949e-05	0
Q06405	1.33702034843614e-05	2.02341760369982e-05	3.36043795213597e-05	2.03583272956413e-05
Q07500	4.296294172656e-06	0	4.296294172656e-06	0
Q12055	0.000412811449918674	0	0.000412811449918674	6.32454580933949e-07
Q12165	1.33702034843614e-05	2.02341760369982e-05	3.36043795213597e-05	2.03583272956413e-05
Q12189	0.000366380869910561	1.84662410742473e-06	0.000368227494017986	7.84679636916507e-06
Q12233	1.33702034843614e-05	2.02341760369982e-05	3.36043795213597e-05	2.03583272956413e-05
Q12349	1.33702034843614e-05	2.02341760369982e-05	3.36043795213597e-05	2.03583272956413e-05
Q3E731	6.98159797047271e-05	0	6.98159797047271e-05	0
