enzymes	ranges	minU	maxU	pU
P00127	9.29964233921104e-06	2.28324422143914e-05	3.21320845536024e-05	2.28324422143914e-05
P00128	9.29964233921104e-06	2.28324422143914e-05	3.21320845536024e-05	2.28324422143914e-05
P00163	9.29964233921104e-06	2.28324422143914e-05	3.21320845536024e-05	2.28324422143914e-05
P00330	9.26730340053862e-05	0	9.26730340053862e-05	3.3185213897096e-06
P00358	0.00028127466829592	0	0.00028127466829592	0
P00359	0.00028206231888623	0	0.00028206231888623	0.000166242282185188
P00360	0.000282036282073166	0	0.000282036282073166	0
P00401	2.9501388819415e-06	7.24316840254665e-06	1.01933072844881e-05	7.24316840254665e-06
P00410	2.9501388819415e-06	7.24316840254665e-06	1.01933072844881e-05	7.24316840254665e-06
P00420	2.9501388819415e-06	7.24316840254665e-06	1.01933072844881e-05	7.24316840254665e-06
P00425	2.95027736531428e-06	7.24316840254665e-06	1.01934457678609e-05	7.24316840254665e-06
P00427	2.95027736531428e-06	7.24316840254665e-06	1.01934457678609e-05	7.24316840254665e-06
P00549	2.774954851447e-05	0	2.774954851447e-05	1.71851278228716e-05
P00560	7.55660986074837e-05	5.64667362749803e-06	8.12127722349818e-05	7.61526878157484e-06
P00830	2.55861177243403e-05	0	2.55861177243403e-05	1.82023545884446e-05
P00854	2.55859539731869e-05	0	2.55859539731869e-05	1.82022380933752e-05
P00856	2.55859539731869e-05	0	2.55859539731869e-05	1.82022380933752e-05
P00890	2.97640290889199e-06	0	2.97640290889199e-06	1.67032607316449e-06
P00924	8.8289339730771e-05	0	8.8289339730771e-05	0
P00925	8.81047202224485e-05	0	8.81047202224485e-05	0
P00942	6.37482860789481e-05	1.76596526445713e-07	6.39248826053938e-05	2.37077655985945e-07
P00950	0.000121095460518934	5.26137631808111e-06	0.000126356836837015	7.09568533866531e-06
P04037	2.9501388819415e-06	7.24316840254665e-06	1.01933072844881e-05	7.24316840254665e-06
P04039	5.90027776388299e-06	1.44863368050933e-05	2.03866145689763e-05	1.44863368050933e-05
P04385	0	0	0	0
P04397	4.2107950621432e-05	0	4.2107950621432e-05	0
P04806	1.31696485809757e-05	0	1.31696485809757e-05	8.65838347234035e-06
P04807	2.76071661060028e-05	0	2.76071661060028e-05	0
P05626	2.55859539731869e-05	0	2.55859539731869e-05	1.82022380933752e-05
P06169	9.29755726706835e-05	0	9.29755726706835e-05	5.19705245003168e-05
P07143	9.29964233921104e-06	2.28324422143914e-05	3.21320845536024e-05	2.28324422143914e-05
P07170	0.000136614476466316	0	0.000136614476466316	0
P07251	2.55861177243403e-05	0	2.55861177243403e-05	1.82023545884446e-05
P07255	2.9501388819415e-06	7.24316840254665e-06	1.01933072844881e-05	7.24316840254665e-06
P07256	9.29964233921104e-06	2.28324422143914e-05	3.21320845536024e-05	2.28324422143914e-05
P07257	9.29964233921104e-06	2.28324422143914e-05	3.21320845536024e-05	2.28324422143914e-05
P08067	9.29964233921104e-06	2.28324422143914e-05	3.21320845536024e-05	2.28324422143914e-05
P08417	6.20045545374336e-05	1.58543434691341e-07	6.21630979721249e-05	2.1534302995277e-07
P08431	7.76836337754516e-05	0	7.76836337754516e-05	0
P08525	9.29964233921104e-06	2.28324422143914e-05	3.21320845536024e-05	2.28324422143914e-05
P09201	5.21061096920521e-06	0	5.21061096920521e-06	0
P09457	2.55859539731869e-05	0	2.55859539731869e-05	1.82022380933752e-05
P09624	8.1151249165159e-06	6.38299474678307e-06	1.4498119663299e-05	9.80156979158359e-06
P0CX10	8.73351296212926e-05	0	8.73351296212926e-05	0
P0CX11	8.73351296212926e-05	0	8.73351296212926e-05	0
P10174	2.95027736531428e-06	7.24316840254665e-06	1.01934457678609e-05	7.24316840254665e-06
P10963	4.4323141130405e-06	0	4.4323141130405e-06	0
P11154	7.7904748485478e-06	0	7.7904748485478e-06	3.06143592371322e-06
P11412	4.2514466371345e-07	6.75187495769873e-08	4.92663413290437e-07	2.55000942421524e-07
P12695	5.88558343953444e-07	4.63153061812741e-07	1.05171140576618e-06	7.11206453966002e-07
P12709	5.45741613347294e-05	2.13628736028295e-06	5.67104486950123e-05	2.99611012708683e-06
P14540	9.93585929378221e-05	4.70064806209129e-05	0.000146365073558735	6.32610193777286e-05
P15019	9.00138474463213e-05	3.84096223417284e-07	9.03979436697386e-05	1.49508151484609e-06
P16387	8.1151249165159e-06	6.38299474678307e-06	1.4498119663299e-05	9.80156979158359e-06
P16451	5.8883723098338e-07	4.63153061812741e-07	1.05199029279612e-06	7.11206453966002e-07
P16467	9.27495038785322e-05	0	9.27495038785322e-05	0
P16861	5.31714571682826e-06	0	5.31714571682826e-06	0
P16862	7.28088230428171e-06	2.39498821336987e-06	9.67587051765158e-06	5.75906368841117e-06
P17505	8.10208753419436e-05	8.61041665257725e-07	8.18819170072014e-05	1.17064822203614e-06
P17709	1.31589506069072e-05	0	1.31589506069072e-05	0
P19414	3.86294981478865e-05	1.58724496864205e-06	4.02167431165285e-05	1.64701377626059e-06
P19516	2.14486428142387e-05	0	2.14486428142387e-05	0
P20967	9.28459988120845e-06	5.37149630003569e-06	1.46560961812441e-05	8.01685793260982e-06
P21306	2.55859539731869e-05	0	2.55859539731869e-05	1.82022380933752e-05
P21801	1.10955111732048e-06	7.47580259927109e-07	1.85713137724759e-06	1.01632483356643e-06
P21826	7.68264727966073e-07	0	7.68264727966073e-07	0
P21954	9.1627454898327e-06	5.85784422358202e-06	1.50205897134147e-05	8.42877459512778e-06
P22289	9.29964233921104e-06	2.28324422143914e-05	3.21320845536024e-05	2.28324422143914e-05
P23254	4.57546057704352e-05	0	4.57546057704352e-05	1.14242538021183e-06
P26263	9.29294232291168e-05	0	9.29294232291168e-05	0
P28240	1.11747605198095e-06	0	1.11747605198095e-06	8.62535951837246e-10
P30902	2.55859539731869e-05	0	2.55859539731869e-05	1.82022380933752e-05
P30952	7.68264785736901e-07	0	7.68264785736901e-07	5.92993466888107e-10
P32327	7.79041304642823e-06	0	7.79041304642823e-06	0
P32340	4.63895428759886e-06	1.64335735642036e-06	6.28231164401922e-06	4.57737721516386e-06
P32473	8.1151249165159e-06	6.38299474678307e-06	1.4498119663299e-05	9.80156979158359e-06
P32799	2.9501388819415e-06	7.24316840254665e-06	1.01933072844881e-05	7.24316840254665e-06
P33315	4.50083581917614e-05	0	4.50083581917614e-05	0
P33401	5.21714486434618e-05	0	5.21714486434618e-05	0
P33421	1.10955111732048e-06	7.47580259927109e-07	1.85713137724759e-06	1.01632483356643e-06
P37012	5.21907996722401e-05	0	5.21907996722401e-05	0
P37298	1.10960835832662e-06	7.47571058208257e-07	1.85717941653488e-06	1.01632483356643e-06
P37299	9.29964233921104e-06	2.28324422143914e-05	3.21320845536024e-05	2.28324422143914e-05
P38077	2.55859539731869e-05	0	2.55859539731869e-05	1.82022380933752e-05
P38113	9.07064680923685e-05	0	9.07064680923685e-05	0
P38720	8.43611400110806e-06	0	8.43611400110806e-06	4.31241649189675e-06
P38824	2.14486428142387e-05	0	2.14486428142387e-05	0
P38858	3.11974200426418e-05	0	3.11974200426418e-05	1.6136459636434e-05
P40047	9.51697435188094e-06	0	9.51697435188094e-06	0
P40106	4.10692951015532e-06	0	4.10692951015532e-06	0
P40215	3.25105009375597e-06	0	3.25105009375597e-06	0
P41277	4.10692951015532e-06	0	4.10692951015532e-06	0
P41911	4.05604719764012e-07	0	4.05604719764012e-07	0
P42222	8.73626340161708e-05	0	8.73626340161708e-05	1.77696305629182e-05
P43635	2.97591071177904e-06	0	2.97591071177904e-06	0
P46367	9.33206738105752e-06	0	9.33206738105752e-06	0
P46969	0.000127494305861233	0	0.000127494305861233	6.94514107793979e-07
P47052	2.42676954706448e-06	0	2.42676954706448e-06	0
P47081	2.14486428142387e-05	0	2.14486428142387e-05	0
P47771	1.33605128732456e-05	0	1.33605128732456e-05	0
P52489	2.77283530693544e-05	0	2.77283530693544e-05	0
P52910	5.21169417200107e-06	0	5.21169417200107e-06	7.38122176867877e-07
P53239	2.14486428142387e-05	0	2.14486428142387e-05	0
P53312	1.28201579039529e-06	7.44228495763142e-07	2.02624428615843e-06	1.10881611009971e-06
P53315	3.11755359073047e-05	0	3.11755359073047e-05	0
P53319	8.43519727950507e-06	0	8.43519727950507e-06	0
P53598	1.28264780617276e-06	7.44391426690658e-07	2.02703923286341e-06	1.10881611009971e-06
P54115	2.19575025248949e-05	0	2.19575025248949e-05	1.07046940127727e-05
P61829	2.55861177243403e-05	0	2.55861177243403e-05	1.82023545884446e-05
P81449	2.55859539731869e-05	0	2.55859539731869e-05	1.82022380933752e-05
P81450	2.55859539731869e-05	0	2.55859539731869e-05	1.82022380933752e-05
P81451	2.55859539731869e-05	0	2.55859539731869e-05	1.82022380933752e-05
Q00055	4.05604719764012e-07	0	4.05604719764012e-07	0
Q00711	1.85717941653487e-06	0	1.85717941653487e-06	1.01632483356643e-06
Q01519	2.9501388819415e-06	7.24316840254665e-06	1.01933072844881e-05	7.24316840254665e-06
Q01574	5.19869152046476e-06	0	5.19869152046476e-06	0
Q04458	2.05356248087837e-05	0	2.05356248087837e-05	0
Q04935	2.14486428142387e-05	0	2.14486428142387e-05	0
Q06204	4.92981831254053e-05	0	4.92981831254053e-05	0
Q06405	2.55859539731869e-05	0	2.55859539731869e-05	1.82022380933752e-05
Q07500	3.24665754443272e-06	0	3.24665754443272e-06	0
Q12055	0.000127368986446626	0	0.000127368986446626	9.21183846142925e-07
Q12165	2.55859539731869e-05	0	2.55859539731869e-05	1.82022380933752e-05
Q12189	0.000120639352858872	4.02066304094629e-06	0.000124660015899818	8.14006344483596e-06
Q12233	2.55859539731869e-05	0	2.55859539731869e-05	1.82022380933752e-05
Q12349	2.55859539731869e-05	0	2.55859539731869e-05	1.82022380933752e-05
Q3E731	2.14486428142387e-05	0	2.14486428142387e-05	0
