enzymes	ranges	minU	maxU	pU
P00127	1.04137246869439e-08	3.70407159005469e-05	3.70511296252339e-05	3.70510933318954e-05
P00128	1.04137246869439e-08	3.70407159005469e-05	3.70511296252339e-05	3.70510933318954e-05
P00163	1.04137246869439e-08	3.70407159005469e-05	3.70511296252339e-05	3.70510933318954e-05
P00330	9.35777634766089e-05	0	9.35777634766089e-05	0
P00358	0.000140233702407388	0	0.000140233702407388	0
P00359	0.000140626397416689	0	0.000140626397416689	4.41627440516222e-05
P00360	0.000140613416373224	0	0.000140613416373224	0
P00401	3.3035608235437e-09	1.17504794493444e-05	1.17537830101679e-05	1.17537714967801e-05
P00410	3.3035608235437e-09	1.17504794493444e-05	1.17537830101679e-05	1.17537714967801e-05
P00420	3.3035608235437e-09	1.17504794493444e-05	1.17537830101679e-05	1.17537714967801e-05
P00425	4.46617660134257e-07	1.13071653500337e-05	1.17537830101679e-05	1.17537714967801e-05
P00427	4.46617660134257e-07	1.13071653500337e-05	1.17537830101679e-05	1.17537714967801e-05
P00549	4.30796482007651e-06	0	4.30796482007651e-06	4.30296874469857e-06
P00560	7.70774523323185e-05	2.00344321074002e-06	7.90808955430585e-05	2.00488350059636e-06
P00830	1.28806203572335e-08	2.93765184141482e-05	2.93893990345054e-05	2.93765239589638e-05
P00854	1.2880537921263e-08	2.93763304044303e-05	2.93892109423516e-05	2.93763359492104e-05
P00856	1.2880537921263e-08	2.93763304044303e-05	2.93892109423516e-05	2.93763359492104e-05
P00890	3.99285590509648e-06	0	3.99285590509648e-06	3.99193843923723e-06
P00924	7.83832018934664e-05	0	7.83832018934664e-05	0
P00925	7.82192968485489e-05	0	7.82192968485489e-05	0
P00942	6.40103739099116e-05	6.15117784096046e-08	6.40718856883212e-05	6.16010140304879e-08
P00950	0.000124899250440643	1.86674995000723e-06	0.00012676600039065	1.86809197008692e-06
P04037	4.46617660134257e-07	1.13071653500337e-05	1.17537830101679e-05	1.17537714967801e-05
P04039	8.93235320268513e-07	2.26143307000673e-05	2.35075660203358e-05	2.35075429935601e-05
P04385	0	0	0	0
P04397	4.40981419724289e-05	0	4.40981419724289e-05	0
P04806	2.93961635866959e-06	0	2.93961635866959e-06	2.93961635866959e-06
P04807	6.3571813912823e-06	0	6.3571813912823e-06	0
P05626	1.2880537921263e-08	2.93763304044303e-05	2.93892109423516e-05	2.93763359492104e-05
P06169	5.88973768087652e-07	0	5.88973768087652e-07	5.76524749464641e-07
P07143	1.04137246869439e-08	3.70407159005469e-05	3.70511296252339e-05	3.70510933318954e-05
P07170	0.000142837358646907	0	0.000142837358646907	0
P07251	1.28806203572335e-08	2.93765184141482e-05	2.93893990345054e-05	2.93765239589638e-05
P07255	3.3035608235437e-09	1.17504794493444e-05	1.17537830101679e-05	1.17537714967801e-05
P07256	1.04137246869439e-08	3.70407159005469e-05	3.70511296252339e-05	3.70510933318954e-05
P07257	1.04137246869439e-08	3.70407159005469e-05	3.70511296252339e-05	3.70510933318954e-05
P08067	1.04137246869439e-08	3.70407159005469e-05	3.70511296252339e-05	3.70510933318954e-05
P08417	6.48764020598087e-05	5.3439035319336e-07	6.5410792413002e-05	5.351362522263e-07
P08431	8.13552752059229e-05	0	8.13552752059229e-05	0
P08525	1.04137246869439e-08	3.70407159005469e-05	3.70511296252339e-05	3.70510933318954e-05
P09201	1.66320779361354e-08	0	1.66320779361354e-08	0
P09457	1.2880537921263e-08	2.93763304044303e-05	2.93892109423516e-05	2.93763359492104e-05
P09624	1.11333093123673e-07	1.68849753893868e-05	1.69963084825105e-05	1.68853434320142e-05
P0CX10	7.75360549571761e-05	0	7.75360549571761e-05	0
P0CX11	7.75360549571761e-05	0	7.75360549571761e-05	0
P10174	4.46617660134257e-07	1.13071653500337e-05	1.17537830101679e-05	1.17537714967801e-05
P10963	1.86976747120847e-08	0	1.86976747120847e-08	0
P11154	2.2833161501714e-06	0	2.2833161501714e-06	2.28304680520845e-06
P11412	4.27454215393721e-09	3.13444146672381e-07	3.17718688826318e-07	3.14054006939943e-07
P12695	8.0783809178755e-09	1.22518165225948e-06	1.23326003317736e-06	1.22520835760337e-06
P12709	5.62564770748183e-05	7.0255048983455e-07	5.69590275646529e-05	7.0593590691149e-07
P14540	8.70556202593214e-05	1.64501252961908e-05	0.000103505745555512	1.64739100212954e-05
P15019	9.31083876597636e-05	1.84490666305508e-06	9.49532943228187e-05	1.84852014224341e-06
P16387	1.11333093123673e-07	1.68849753893868e-05	1.69963084825105e-05	1.68853434320142e-05
P16451	8.0783809178755e-09	1.22518165225948e-06	1.23326003317736e-06	1.22520835760337e-06
P16467	5.88973768087652e-07	0	5.88973768087652e-07	0
P16861	8.3576505479717e-07	0	8.3576505479717e-07	0
P16862	6.7021879319355e-07	8.32755564059502e-07	1.50297435725305e-06	1.49972760387096e-06
P17505	9.6725319022388e-05	2.93815498874979e-06	9.96634740111378e-05	2.93823549807454e-06
P17709	2.93961635866959e-06	0	2.93961635866959e-06	0
P19414	4.03980832438927e-05	3.93083667805392e-06	4.43289199219467e-05	3.93622401580056e-06
P19516	2.56946896148498e-05	0	2.56946896148498e-05	0
P20967	1.94599300360679e-07	1.95287458685298e-05	1.97233451688904e-05	1.97227339307571e-05
P21306	1.2880537921263e-08	2.93763304044303e-05	2.93892109423516e-05	2.93763359492104e-05
P21801	4.11146112633714e-09	2.52208853422311e-06	2.52619999534944e-06	2.52560885113643e-06
P21826	5.31037358846209e-07	0	5.31037358846209e-07	0
P21954	1.93209305358435e-07	1.97533576983974e-05	1.99465670037558e-05	1.99459601316088e-05
P22289	1.04137246869439e-08	3.70407159005469e-05	3.70511296252339e-05	3.70510933318954e-05
P23254	4.83175260839603e-05	0	4.83175260839603e-05	1.59678953561929e-06
P26263	5.88973768087652e-07	0	5.88973768087652e-07	0
P28240	3.51368197609717e-07	4.21049778893859e-07	7.72417976503576e-07	4.2227407417977e-07
P30902	1.2880537921263e-08	2.93763304044303e-05	2.93892109423516e-05	2.93763359492104e-05
P30952	5.31037358846209e-07	0	5.31037358846209e-07	2.90313425998592e-07
P32327	2.2833161501714e-06	0	2.2833161501714e-06	0
P32340	2.24768011050753e-06	4.79738037593366e-06	7.04506048644119e-06	7.04350849090854e-06
P32473	1.11333093123673e-07	1.68849753893868e-05	1.69963084825105e-05	1.68853434320142e-05
P32799	4.46617660134257e-07	1.13071653500337e-05	1.17537830101679e-05	1.17537714967801e-05
P33315	4.75294778374391e-05	0	4.75294778374391e-05	0
P33401	5.46372814452692e-05	0	5.46372814452692e-05	0
P33421	4.11146112633714e-09	2.52208853422311e-06	2.52619999534944e-06	2.52560885113643e-06
P37012	5.46575470816107e-05	0	5.46575470816107e-05	0
P37298	4.11146112633714e-09	2.52208853422311e-06	2.52619999534944e-06	2.52560885113643e-06
P37299	1.04137246869439e-08	3.70407159005469e-05	3.70511296252339e-05	3.70510933318954e-05
P38077	1.2880537921263e-08	2.93763304044303e-05	2.93892109423516e-05	2.93763359492104e-05
P38113	9.15919987733751e-05	0	9.15919987733751e-05	0
P38720	5.42976704789278e-06	0	5.42976704789278e-06	5.3660579627911e-06
P38824	2.56946896148498e-05	0	2.56946896148498e-05	0
P38858	2.01052386289296e-05	0	2.01052386289296e-05	1.98733375591596e-05
P40047	1.02363217383548e-07	0	1.02363217383548e-07	0
P40106	1.13569092683152e-08	0	1.13569092683152e-08	0
P40215	2.24768011050753e-06	0	2.24768011050753e-06	0
P41277	1.13569092683152e-08	0	1.13569092683152e-08	0
P41911	1.12162041977016e-09	0	1.12162041977016e-09	0
P42222	7.75604733359212e-05	0	7.75604733359212e-05	4.67823791242732e-06
P43635	3.99285590509648e-06	0	3.99285590509648e-06	0
P46367	1.02363217383515e-07	0	1.02363217383515e-07	0
P46969	0.000132795130355446	9.6846870695614e-07	0.000133763599062402	9.70735488614368e-07
P47052	3.31725952649396e-06	0	3.31725952649396e-06	0
P47081	2.56946896148498e-05	0	2.56946896148498e-05	0
P47771	1.46278338441763e-07	0	1.46278338441763e-07	0
P52489	4.30796482007651e-06	0	4.30796482007651e-06	0
P52910	5.85198295215295e-07	0	5.85198295215295e-07	5.72813083333333e-07
P53239	2.56946896148498e-05	0	2.56946896148498e-05	0
P53312	2.6915138208538e-08	2.70103177717404e-06	2.72794691538258e-06	2.72786237469402e-06
P53315	2.01052386289296e-05	0	2.01052386289296e-05	0
P53319	5.42976704789278e-06	0	5.42976704789278e-06	0
P53598	2.6915138208538e-08	2.70103177717404e-06	2.72794691538258e-06	2.72786237469402e-06
P54115	2.45902752274347e-07	1.41393241233631e-06	1.65983516461066e-06	1.62475156667308e-06
P61829	1.28806203572335e-08	2.93765184141482e-05	2.93893990345054e-05	2.93765239589638e-05
P81449	1.2880537921263e-08	2.93763304044303e-05	2.93892109423516e-05	2.93763359492104e-05
P81450	1.2880537921263e-08	2.93763304044303e-05	2.93892109423516e-05	2.93763359492104e-05
P81451	1.2880537921263e-08	2.93763304044303e-05	2.93892109423516e-05	2.93763359492104e-05
Q00055	1.12162041977016e-09	0	1.12162041977016e-09	0
Q00711	2.52619999534944e-06	0	2.52619999534944e-06	2.52560885113643e-06
Q01519	4.46617660134257e-07	1.13071653500337e-05	1.17537830101679e-05	1.17537714967801e-05
Q01574	5.85198295215295e-07	0	5.85198295215295e-07	0
Q04458	2.35375304160009e-07	0	2.35375304160009e-07	0
Q04935	2.56946896148498e-05	0	2.56946896148498e-05	0
Q06204	1.29286140609659e-05	0	1.29286140609659e-05	0
Q06405	1.2880537921263e-08	2.93763304044303e-05	2.93892109423516e-05	2.93763359492104e-05
Q07500	2.24768011050753e-06	0	2.24768011050753e-06	0
Q12055	0.000152465706359543	0	0.000152465706359543	7.14876446965837e-07
Q12165	1.2880537921263e-08	2.93763304044303e-05	2.93892109423516e-05	2.93763359492104e-05
Q12189	0.000122040572046097	8.85597833632927e-06	0.000130896550382426	8.86937832165265e-06
Q12233	1.2880537921263e-08	2.93763304044303e-05	2.93892109423516e-05	2.93763359492104e-05
Q12349	1.2880537921263e-08	2.93763304044303e-05	2.93892109423516e-05	2.93763359492104e-05
Q3E731	2.56946896148498e-05	0	2.56946896148498e-05	0
