enzymes	ranges	minU	maxU	pU
P00127	1.59573307240077e-08	2.40855765280652e-05	2.41015338587892e-05	2.40980268314689e-05
P00128	1.59573307240077e-08	2.40855765280652e-05	2.41015338587892e-05	2.40980268314689e-05
P00163	1.59573307240077e-08	2.40855765280652e-05	2.41015338587892e-05	2.40980268314689e-05
P00330	0.000420011656758736	0	0.000420011656758736	0
P00358	0.000460800126772215	0	0.000460800126772215	0
P00359	0.000462090500676364	0	0.000462090500676364	2.91236401341005e-05
P00360	0.000462047845691351	0	0.000462047845691351	0
P00401	5.06216692037704e-09	7.64070199880943e-06	7.64576416572981e-06	7.64465162642129e-06
P00410	5.06216692037704e-09	7.64070199880943e-06	7.64576416572981e-06	7.64465162642129e-06
P00420	5.06216692037704e-09	7.64070199880943e-06	7.64576416572981e-06	7.64465162642129e-06
P00425	1.99685193922937e-06	5.64891222650044e-06	7.64576416572981e-06	7.64465162642129e-06
P00427	1.99685193922937e-06	5.64891222650044e-06	7.64576416572981e-06	7.64465162642129e-06
P00549	2.83342349766767e-06	0	2.83342349766767e-06	2.83221297766609e-06
P00560	0.000345947597696271	1.31990305605351e-06	0.000347267500752324	1.32176854540438e-06
P00830	8.54699183317284e-09	1.91083994245568e-05	1.911694641639e-05	1.91083994245568e-05
P00854	8.54693713242546e-09	1.91082771308005e-05	1.9116824067933e-05	1.91082771308005e-05
P00856	8.54693713242546e-09	1.91082771308005e-05	1.9116824067933e-05	1.91082771308005e-05
P00890	2.60372897397475e-06	0	2.60372897397475e-06	2.57486597286687e-06
P00924	0.000333709508779426	0	0.000333709508779426	0
P00925	0.000333011697632335	0	0.000333011697632335	0
P00942	6.40528843793694e-05	4.02565436806747e-08	6.40931409230501e-05	4.05992875785443e-08
P00950	0.000560571833185863	1.2298471704582e-06	0.000561801680356321	1.23158537902523e-06
P04037	1.99685193922937e-06	5.64891222650044e-06	7.64576416572981e-06	7.64465162642129e-06
P04039	3.99370387845873e-06	1.12978244530009e-05	1.52915283314596e-05	1.52893032528426e-05
P04385	0	0	0	0
P04397	0.000197928791859315	0	0.000197928791859315	0
P04806	2.5828215427634e-06	0	2.5828215427634e-06	1.95166622591703e-06
P04807	4.21833544779233e-06	0	4.21833544779233e-06	0
P05626	8.54693713242546e-09	1.91082771308005e-05	1.9116824067933e-05	1.91082771308005e-05
P06169	5.53244698773769e-06	0	5.53244698773769e-06	4.03789141116815e-07
P07143	1.59573307240077e-08	2.40855765280652e-05	2.41015338587892e-05	2.40980268314689e-05
P07170	0.000638551740386502	0	0.000638551740386502	0
P07251	8.54699183317284e-09	1.91083994245568e-05	1.911694641639e-05	1.91083994245568e-05
P07255	5.06216692037704e-09	7.64070199880943e-06	7.64576416572981e-06	7.64465162642129e-06
P07256	1.59573307240077e-08	2.40855765280652e-05	2.41015338587892e-05	2.40980268314689e-05
P07257	1.59573307240077e-08	2.40855765280652e-05	2.41015338587892e-05	2.40980268314689e-05
P08067	1.59573307240077e-08	2.40855765280652e-05	2.41015338587892e-05	2.40980268314689e-05
P08417	0.000291185966382803	3.44871683423399e-07	0.000291530838066226	3.44895288143565e-07
P08431	0.000365152603095118	0	0.000365152603095118	0
P08525	1.59573307240077e-08	2.40855765280652e-05	2.41015338587892e-05	2.40980268314689e-05
P09201	1.51310122520221e-06	0	1.51310122520221e-06	0
P09457	8.54693713242546e-09	1.91082771308005e-05	1.9116824067933e-05	1.91082771308005e-05
P09624	1.18022252417998e-07	1.09976404896343e-05	1.11156627420523e-05	1.09976404896343e-05
P0CX10	0.000330102856063737	0	0.000330102856063737	0
P0CX11	0.000330102856063737	0	0.000330102856063737	0
P10174	1.99685193922937e-06	5.64891222650044e-06	7.64576416572981e-06	7.64465162642129e-06
P10963	5.10305590628678e-06	0	5.10305590628678e-06	0
P11154	6.79217525602739e-06	0	6.79217525602739e-06	1.52797165945369e-06
P11412	3.37239531812988e-08	2.10977836739498e-07	2.44701789920797e-07	2.1185001100783e-07
P12695	8.56374942137953e-09	7.9799389903258e-07	8.06557648453959e-07	7.9799389903258e-07
P12709	0.00025247924385391	4.61705683410127e-07	0.00025294094953732	4.63948604685966e-07
P14540	0.000390653208390932	1.08364263889002e-05	0.000401489634779833	1.08582037263966e-05
P15019	0.000417894579983062	1.24120935949693e-06	0.000419135789342559	1.24696626840594e-06
P16387	1.18022252417998e-07	1.09976404896343e-05	1.11156627420523e-05	1.09976404896343e-05
P16451	8.56374942137953e-09	7.9799389903258e-07	8.06557648453959e-07	7.9799389903258e-07
P16467	5.53244698773769e-06	0	5.53244698773769e-06	0
P16861	5.50569947685721e-07	0	5.50569947685721e-07	0
P16862	4.41528846661625e-07	5.48572986977035e-07	9.9010183363866e-07	9.88493189284218e-07
P17505	0.000434139051669742	1.89726908366997e-06	0.000436036320753412	1.89726908366997e-06
P17709	2.5828215427634e-06	0	2.5828215427634e-06	0
P19414	0.000181297351640153	2.53875876539231e-06	0.000183836110405546	2.53892925307808e-06
P19516	0.000115327282402215	0	0.000115327282402215	0
P20967	1.29127214745821e-07	1.25928148779035e-05	1.27219420926494e-05	1.26868062203745e-05
P21306	8.54693713242546e-09	1.91082771308005e-05	1.9116824067933e-05	1.91082771308005e-05
P21801	1.75387813767622e-08	1.62764337593807e-06	1.64518215731483e-06	1.62775477988413e-06
P21826	3.84245956019049e-07	0	3.84245956019049e-07	0
P21954	1.3736624128299e-07	1.27479354408292e-05	1.28853016821122e-05	1.28412554165682e-05
P22289	1.59573307240077e-08	2.40855765280652e-05	2.41015338587892e-05	2.40980268314689e-05
P23254	0.000210777709237152	0	0.000210777709237152	1.0776205256957e-06
P26263	5.53244698773769e-06	0	5.53244698773769e-06	0
P28240	2.72159142273342e-07	2.86744066481638e-07	5.58903208754981e-07	3.23743204710526e-07
P30902	8.54693713242546e-09	1.91082771308005e-05	1.9116824067933e-05	1.91082771308005e-05
P30952	3.84245956019049e-07	0	3.84245956019049e-07	2.22573453238486e-07
P32327	6.79217525602739e-06	0	6.79217525602739e-06	0
P32340	1.48210804853523e-06	3.10634501571196e-06	4.58845306424719e-06	4.58763265646598e-06
P32473	1.18022252417998e-07	1.09976404896343e-05	1.11156627420523e-05	1.09976404896343e-05
P32799	1.99685193922937e-06	5.64891222650044e-06	7.64576416572981e-06	7.64465162642129e-06
P33315	0.000207339971057398	0	0.000207339971057398	0
P33401	0.000245224861587806	0	0.000245224861587806	0
P33421	1.75387813767622e-08	1.62764337593807e-06	1.64518215731483e-06	1.62775477988413e-06
P37012	0.000245323312411225	0	0.000245323312411225	0
P37298	1.75387813767622e-08	1.62764337593807e-06	1.64518215731483e-06	1.62775477988413e-06
P37299	1.59573307240077e-08	2.40855765280652e-05	2.41015338587892e-05	2.40980268314689e-05
P38077	8.54693713242546e-09	1.91082771308005e-05	1.9116824067933e-05	1.91082771308005e-05
P38113	0.00041109880939039	0	0.00041109880939039	0
P38720	3.6540443545667e-06	0	3.6540443545667e-06	3.61989720050151e-06
P38824	0.000115327282402215	0	0.000115327282402215	0
P38858	1.5484729266188e-05	0	1.5484729266188e-05	1.34058686965755e-05
P40047	2.09319621738597e-06	0	2.09319621738597e-06	3.46090900198433e-08
P40106	1.43777767599958e-05	0	1.43777767599958e-05	0
P40215	1.48210804853523e-06	0	1.48210804853523e-06	0
P41277	1.43777767599958e-05	0	1.43777767599958e-05	0
P41911	1.41996450125268e-06	0	1.41996450125268e-06	0
P42222	0.000330206815138888	0	0.000330206815138888	3.08424290923905e-06
P43635	2.60372897397475e-06	0	2.60372897397475e-06	0
P46367	2.09319621738597e-06	0	2.09319621738597e-06	0
P46969	0.000596036295704873	6.42443653090196e-07	0.000596678739357964	6.55117323991218e-07
P47052	2.16035792661601e-06	0	2.16035792661601e-06	0
P47081	0.000115327282402215	0	0.000115327282402215	0
P47771	2.99120399434484e-06	0	2.99120399434484e-06	0
P52489	5.55539282354951e-06	0	5.55539282354951e-06	0
P52910	3.93765529006257e-07	0	3.93765529006257e-07	3.85547267628205e-07
P53239	0.000115327282402215	0	0.000115327282402215	0
P53312	1.78596573827348e-08	1.74171927773917e-06	1.75957893512191e-06	1.75471927295148e-06
P53315	1.35301643373721e-05	0	1.35301643373721e-05	0
P53319	4.18709776845186e-06	0	4.18709776845186e-06	0
P53598	1.78596573827348e-08	1.74171927773917e-06	1.75957893512191e-06	1.75471927295148e-06
P54115	2.06171449435271e-06	0	2.06171449435271e-06	1.06668842072684e-06
P61829	8.54699183317284e-09	1.91083994245568e-05	1.911694641639e-05	1.91083994245568e-05
P81449	8.54693713242546e-09	1.91082771308005e-05	1.9116824067933e-05	1.91082771308005e-05
P81450	8.54693713242546e-09	1.91082771308005e-05	1.9116824067933e-05	1.91082771308005e-05
P81451	8.54693713242546e-09	1.91082771308005e-05	1.9116824067933e-05	1.91082771308005e-05
Q00055	1.41996450125268e-06	0	1.41996450125268e-06	0
Q00711	1.64518215731483e-06	0	1.64518215731483e-06	1.62775477988413e-06
Q01519	1.99685193922937e-06	5.64891222650044e-06	7.64576416572981e-06	7.64465162642129e-06
Q01574	5.95055890450159e-07	0	5.95055890450159e-07	0
Q04458	4.81312241766832e-06	0	4.81312241766832e-06	0
Q04935	0.000115327282402215	0	0.000115327282402215	0
Q06204	1.13594084535062e-05	0	1.13594084535062e-05	0
Q06405	8.54693713242546e-09	1.91082771308005e-05	1.9116824067933e-05	1.91082771308005e-05
Q07500	1.48210804853523e-06	0	1.48210804853523e-06	0
Q12055	0.000681574282689577	0	0.000681574282689577	4.81166839303913e-07
Q12165	8.54693713242546e-09	1.91082771308005e-05	1.9116824067933e-05	1.91082771308005e-05
Q12189	0.000547722737138741	5.96088241662343e-06	0.000553683619555365	5.98004602346371e-06
Q12233	8.54693713242546e-09	1.91082771308005e-05	1.9116824067933e-05	1.91082771308005e-05
Q12349	8.54693713242546e-09	1.91082771308005e-05	1.9116824067933e-05	1.91082771308005e-05
Q3E731	0.000115327282402215	0	0.000115327282402215	0
