enzymes	subSystems	D_0	D_005	D_01	D_015	D_02	D_025	D_03	D_035	D_04	D_045	D_05	D_055	D_06	D_065	D_07	D_075	D_08	D_085	D_09	D_095	D_1	D_105	D_11	D_115	D_12	D_125	D_13	D_135	D_14	D_145	D_15	D_155	D_16	D_165	D_17	D_175	D_18	D_185	D_19	D_195	D_2	D_205	D_21	D_215	D_22	D_225	D_23	D_235	D_24	D_245	D_25	D_255	D_26	D_265	D_27	D_275	D_28	D_285	D_29	D_295	D_3	D_305	D_31	D_315	D_32	D_325	D_33	D_335	D_34	D_345	D_35	D_355	D_36	D_365	D_37	D_375	D_38	D_385	D_39	D_395	D_4
P00127	Oxidative Phosphorylation	0.01884	0.018815	0.018791	0.018715	0.018658	0.018616	0.018583	0.018557	0.018536	0.018519	0.018505	0.018494	0.018485	0.018477	0.018471	0.018466	0.018462	0.018458	0.018456	0.018454	0.018453	0.018452	0.018451	0.018451	0.018451	0.018452	0.018452	0.018453	0.018455	0.018456	0.018457	0.018459	0.018461	0.018463	0.018465	0.018467	0.018469	0.018471	0.018474	0.018476	0.018479	0.018481	0.018484	0.018486	0.018489	0.018492	0.018494	0.018497	0.0185	0.018503	0.018506	0.018509	0.018512	0.018514	0.018517	0.01852	0.018523	0.018477	0.018065	0.01771	0.017272	0.016837	0.016403	0.015973	0.015545	0.015119	0.014697	0.014276	0.013859	0.013443	0.013031	0.012621	0.012213	0.011808	0.011406	0.011008	0.010612	0.010219	0.009829	0.009441	0.009055
P00128	Oxidative Phosphorylation	0.015901	0.01588	0.01586	0.015795	0.015748	0.015712	0.015684	0.015662	0.015644	0.01563	0.015618	0.015609	0.015601	0.015594	0.015589	0.015585	0.015582	0.015579	0.015577	0.015575	0.015574	0.015573	0.015573	0.015573	0.015573	0.015573	0.015574	0.015575	0.015576	0.015577	0.015578	0.015579	0.015581	0.015582	0.015584	0.015586	0.015588	0.01559	0.015592	0.015594	0.015596	0.015598	0.0156	0.015602	0.015605	0.015607	0.015609	0.015612	0.015614	0.015616	0.015619	0.015621	0.015624	0.015626	0.015629	0.015631	0.015633	0.015594	0.015247	0.014947	0.014578	0.01421	0.013844	0.013481	0.01312	0.012761	0.012404	0.012049	0.011696	0.011346	0.010998	0.010652	0.010308	0.009966	0.009627	0.009291	0.008957	0.008625	0.008295	0.007968	0.007643
P00163	Oxidative Phosphorylation	0.04766	0.047597	0.047537	0.047343	0.047201	0.047093	0.04701	0.046944	0.046891	0.046848	0.046813	0.046785	0.046761	0.046742	0.046726	0.046714	0.046703	0.046695	0.046689	0.046684	0.04668	0.046678	0.046677	0.046677	0.046677	0.046678	0.04668	0.046683	0.046686	0.046689	0.046693	0.046697	0.046701	0.046706	0.046711	0.046717	0.046722	0.046728	0.046734	0.04674	0.046746	0.046752	0.046759	0.046766	0.046772	0.046779	0.046786	0.046793	0.0468	0.046808	0.046815	0.046822	0.04683	0.046837	0.046845	0.046852	0.046858	0.046742	0.045701	0.044803	0.043694	0.042592	0.041497	0.040407	0.039325	0.038248	0.037179	0.036115	0.035059	0.034008	0.032964	0.031927	0.030896	0.029872	0.028855	0.027848	0.026847	0.025852	0.024865	0.023883	0.022908
P00330	Anaerobic excretion // Anaerobic excretion	0	0	0	0	0	0	0	0	0	0	0	0	0	0	0	0	0	0	0	0	0	0	0	0	0	0	0	0	0	0	0	0	0	0	0	0	0	0	0	0	0	0	0	0	0	0	0	0	0	0	0	0	0	0	0	0	0	0	0.000182	0.000357	0.000577	0.000794	0.001011	0.001226	0.00144	0.001653	0.001864	0.002074	0.002283	0.00249	0.002696	0.0029	0.003103	0.003305	0.003505	0.003704	0.0039	0.004096	0.00429	0.004483	0.004674
P00358	Glycolysis // Glycolysis	0	0	0	0	0	0	0	0	0	0	0	0	0	0	0	0	0	0	0	0	0	0	0	0	0	0	0	0	0	0	0	0	0	0	0	0	0	0	0	0	0	0	0	0	0	0	0	0	0	0	0	0	0	0	0	0	0	0	0	0	0	0	0	0	0	0	0	0	0	0	0	0	0	0	0	0	0	0	0	0	0
P00359	Glycolysis // Glycolysis	0.075272	0.0447	0.036061	0.037963	0.039373	0.040456	0.041309	0.041994	0.042555	0.043019	0.043408	0.043737	0.044016	0.044256	0.044461	0.044639	0.044793	0.044926	0.045042	0.045142	0.04523	0.045305	0.045371	0.045427	0.045476	0.045517	0.045552	0.04558	0.045604	0.045623	0.045638	0.045649	0.045657	0.045661	0.045663	0.045661	0.045658	0.045652	0.045644	0.045634	0.045622	0.045609	0.045595	0.045579	0.045561	0.045543	0.045526	0.045507	0.045488	0.045468	0.045447	0.045425	0.045402	0.045378	0.045354	0.04533	0.045306	0.048138	0.056749	0.062712	0.070095	0.077435	0.084731	0.091984	0.099193	0.106359	0.113481	0.120559	0.127594	0.134585	0.141533	0.148437	0.155298	0.162113	0.16888	0.175588	0.182252	0.188873	0.195451	0.201985	0.208475
P00360	Glycolysis // Glycolysis	0	0	0	0	0	0	0	0	0	0	0	0	0	0	0	0	0	0	0	0	0	0	0	0	0	0	0	0	0	0	0	0	0	0	0	0	0	0	0	0	0	0	0	0	0	0	0	0	0	0	0	0	0	0	0	0	0	0	0	0	0	0	0	0	0	0	0	0	0	0	0	0	0	0	0	0	0	0	0	0	0
P00401	Oxidative Phosphorylation // Oxidative Phosphorylation	0.020364	0.020337	0.020311	0.020228	0.020167	0.020121	0.020086	0.020057	0.020035	0.020017	0.020002	0.019989	0.019979	0.019971	0.019965	0.019959	0.019955	0.019951	0.019948	0.019946	0.019945	0.019944	0.019943	0.019943	0.019943	0.019944	0.019945	0.019946	0.019947	0.019949	0.01995	0.019952	0.019954	0.019956	0.019958	0.01996	0.019963	0.019965	0.019968	0.01997	0.019973	0.019976	0.019978	0.019981	0.019984	0.019987	0.01999	0.019993	0.019996	0.019999	0.020002	0.020005	0.020009	0.020012	0.020015	0.020018	0.020021	0.019971	0.019526	0.019143	0.018669	0.018198	0.01773	0.017265	0.016802	0.016342	0.015885	0.015431	0.014979	0.01453	0.014084	0.013641	0.013201	0.012763	0.012329	0.011898	0.011471	0.011046	0.010624	0.010204	0.009788
P00410	Oxidative Phosphorylation // Oxidative Phosphorylation	0.009894	0.009881	0.009868	0.009828	0.009798	0.009776	0.009759	0.009745	0.009734	0.009725	0.009718	0.009712	0.009707	0.009703	0.0097	0.009697	0.009695	0.009693	0.009692	0.009691	0.00969	0.00969	0.00969	0.009689	0.00969	0.00969	0.00969	0.009691	0.009691	0.009692	0.009693	0.009694	0.009695	0.009696	0.009697	0.009698	0.009699	0.0097	0.009701	0.009703	0.009704	0.009705	0.009707	0.009708	0.009709	0.009711	0.009712	0.009714	0.009715	0.009717	0.009718	0.00972	0.009721	0.009723	0.009724	0.009726	0.009727	0.009703	0.009487	0.0093	0.00907	0.008842	0.008614	0.008388	0.008163	0.00794	0.007718	0.007497	0.007278	0.00706	0.006843	0.006628	0.006414	0.006201	0.00599	0.005781	0.005573	0.005367	0.005162	0.004958	0.004755
P00420	Oxidative Phosphorylation // Oxidative Phosphorylation	0.010514	0.010501	0.010487	0.010445	0.010413	0.010389	0.010371	0.010356	0.010345	0.010335	0.010328	0.010321	0.010316	0.010312	0.010308	0.010306	0.010303	0.010302	0.0103	0.010299	0.010298	0.010298	0.010298	0.010297	0.010298	0.010298	0.010298	0.010299	0.010299	0.0103	0.010301	0.010302	0.010303	0.010304	0.010305	0.010306	0.010307	0.010309	0.01031	0.010311	0.010313	0.010314	0.010316	0.010317	0.010319	0.01032	0.010322	0.010323	0.010325	0.010326	0.010328	0.01033	0.010331	0.010333	0.010334	0.010336	0.010337	0.010312	0.010082	0.009884	0.00964	0.009396	0.009155	0.008914	0.008676	0.008438	0.008202	0.007968	0.007734	0.007503	0.007272	0.007043	0.006816	0.00659	0.006366	0.006144	0.005923	0.005703	0.005485	0.005269	0.005054
P00425	Oxidative Phosphorylation	0.005956	0.005948	0.00594	0.005916	0.005898	0.005885	0.005874	0.005866	0.00586	0.005854	0.00585	0.005846	0.005843	0.005841	0.005839	0.005837	0.005836	0.005835	0.005834	0.005834	0.005833	0.005833	0.005833	0.005833	0.005833	0.005833	0.005833	0.005834	0.005834	0.005834	0.005835	0.005835	0.005836	0.005836	0.005837	0.005838	0.005838	0.005839	0.00584	0.005841	0.005841	0.005842	0.005843	0.005844	0.005845	0.005846	0.005846	0.005847	0.005848	0.005849	0.00585	0.005851	0.005852	0.005853	0.005854	0.005855	0.005855	0.005841	0.005711	0.005599	0.00546	0.005322	0.005185	0.005049	0.004914	0.00478	0.004646	0.004513	0.004381	0.00425	0.004119	0.00399	0.003861	0.003733	0.003606	0.00348	0.003355	0.003231	0.003107	0.002984	0.002863
P00427	Oxidative Phosphorylation	0.006006	0.005998	0.00599	0.005966	0.005948	0.005934	0.005924	0.005916	0.005909	0.005904	0.005899	0.005896	0.005893	0.00589	0.005888	0.005887	0.005885	0.005884	0.005883	0.005883	0.005882	0.005882	0.005882	0.005882	0.005882	0.005882	0.005882	0.005883	0.005883	0.005883	0.005884	0.005884	0.005885	0.005886	0.005886	0.005887	0.005888	0.005888	0.005889	0.00589	0.005891	0.005892	0.005892	0.005893	0.005894	0.005895	0.005896	0.005897	0.005898	0.005898	0.005899	0.0059	0.005901	0.005902	0.005903	0.005904	0.005905	0.00589	0.005759	0.005646	0.005506	0.005367	0.005229	0.005092	0.004955	0.00482	0.004685	0.004551	0.004418	0.004286	0.004154	0.004023	0.003893	0.003764	0.003636	0.003509	0.003383	0.003258	0.003133	0.00301	0.002887
P00549	Glycolysis	0.012228	0.007075	0.005593	0.005827	0.006	0.006134	0.006239	0.006323	0.006392	0.006449	0.006497	0.006538	0.006573	0.006602	0.006628	0.00665	0.006669	0.006685	0.006699	0.006712	0.006723	0.006732	0.00674	0.006748	0.006754	0.006759	0.006763	0.006767	0.00677	0.006772	0.006774	0.006776	0.006777	0.006778	0.006778	0.006778	0.006777	0.006777	0.006776	0.006775	0.006774	0.006772	0.00677	0.006769	0.006766	0.006764	0.006762	0.00676	0.006758	0.006756	0.006753	0.00675	0.006748	0.006745	0.006742	0.006739	0.006737	0.007193	0.00858	0.009538	0.010727	0.011908	0.013082	0.014249	0.01541	0.016563	0.017709	0.018847	0.019979	0.021104	0.022222	0.023332	0.024436	0.025532	0.02662	0.027699	0.028771	0.029835	0.030893	0.031943	0.032986
P00560	Glycolysis // Glycolysis	0.004336	0.002564	0.002062	0.002167	0.002245	0.002305	0.002353	0.002391	0.002422	0.002447	0.002469	0.002487	0.002502	0.002516	0.002527	0.002537	0.002546	0.002553	0.002559	0.002565	0.00257	0.002574	0.002578	0.002581	0.002583	0.002586	0.002588	0.002589	0.002591	0.002592	0.002592	0.002593	0.002593	0.002594	0.002594	0.002594	0.002594	0.002593	0.002593	0.002592	0.002592	0.002591	0.00259	0.002589	0.002588	0.002587	0.002586	0.002585	0.002584	0.002583	0.002582	0.002581	0.002579	0.002578	0.002577	0.002576	0.002574	0.002737	0.003232	0.003575	0.004	0.004422	0.004842	0.005259	0.005673	0.006086	0.006495	0.006902	0.007307	0.007709	0.008108	0.008505	0.0089	0.009292	0.009681	0.010067	0.01045	0.010831	0.011209	0.011585	0.011958
P00830	Oxidative Phosphorylation	0.051606	0.050156	0.049561	0.049013	0.048605	0.04829	0.048041	0.04784	0.047675	0.047537	0.047421	0.047322	0.047237	0.047163	0.047099	0.047043	0.046994	0.046951	0.046913	0.046879	0.046849	0.046823	0.046799	0.046778	0.04676	0.046743	0.046728	0.046715	0.046704	0.046694	0.046685	0.046677	0.04667	0.046664	0.046659	0.046655	0.046652	0.046649	0.046647	0.046645	0.046644	0.046644	0.046643	0.046644	0.046644	0.046645	0.046646	0.046646	0.046647	0.046649	0.04665	0.046652	0.046654	0.046657	0.046659	0.046663	0.046668	0.04662	0.045659	0.044763	0.043656	0.042556	0.041462	0.040374	0.039293	0.038219	0.037151	0.036089	0.035034	0.033985	0.032943	0.031907	0.030877	0.029855	0.028839	0.027831	0.02683	0.025835	0.024847	0.023865	0.022889
P00854	Oxidative Phosphorylation	0.027406	0.026636	0.02632	0.026029	0.025812	0.025645	0.025513	0.025406	0.025318	0.025245	0.025183	0.025131	0.025086	0.025047	0.025013	0.024983	0.024957	0.024934	0.024914	0.024896	0.02488	0.024866	0.024853	0.024842	0.024832	0.024823	0.024816	0.024809	0.024803	0.024797	0.024792	0.024788	0.024785	0.024782	0.024779	0.024777	0.024775	0.024773	0.024772	0.024771	0.024771	0.024771	0.024771	0.024771	0.024771	0.024772	0.024772	0.024772	0.024773	0.024773	0.024774	0.024775	0.024776	0.024778	0.024779	0.024781	0.024783	0.024758	0.024248	0.023772	0.023184	0.0226	0.022019	0.021441	0.020867	0.020297	0.019729	0.019165	0.018605	0.018048	0.017495	0.016944	0.016398	0.015855	0.015315	0.01478	0.014248	0.01372	0.013195	0.012674	0.012156
P00856	Oxidative Phosphorylation	0.005484	0.005329	0.005266	0.005208	0.005165	0.005131	0.005105	0.005083	0.005066	0.005051	0.005039	0.005028	0.005019	0.005011	0.005005	0.004999	0.004993	0.004989	0.004985	0.004981	0.004978	0.004975	0.004973	0.004971	0.004969	0.004967	0.004965	0.004964	0.004963	0.004962	0.004961	0.00496	0.004959	0.004958	0.004958	0.004957	0.004957	0.004957	0.004957	0.004956	0.004956	0.004956	0.004956	0.004956	0.004956	0.004956	0.004956	0.004957	0.004957	0.004957	0.004957	0.004957	0.004957	0.004958	0.004958	0.004958	0.004959	0.004954	0.004852	0.004756	0.004639	0.004522	0.004406	0.00429	0.004175	0.004061	0.003948	0.003835	0.003723	0.003611	0.0035	0.00339	0.003281	0.003172	0.003064	0.002957	0.002851	0.002745	0.00264	0.002536	0.002432
P00890	TCA	0.001517	0.005755	0.00698	0.006792	0.006653	0.006546	0.006462	0.006395	0.006341	0.006296	0.006258	0.006227	0.0062	0.006177	0.006158	0.006142	0.006128	0.006115	0.006105	0.006096	0.006089	0.006082	0.006077	0.006073	0.006069	0.006066	0.006064	0.006062	0.006061	0.00606	0.006059	0.006059	0.00606	0.00606	0.006061	0.006063	0.006064	0.006066	0.006067	0.00607	0.006072	0.006074	0.006077	0.006079	0.006082	0.006085	0.006087	0.00609	0.006093	0.006096	0.0061	0.006103	0.006106	0.006109	0.006113	0.006118	0.006124	0.005954	0.005637	0.005473	0.005276	0.005081	0.004886	0.004692	0.004499	0.004307	0.004117	0.003927	0.003738	0.003551	0.003364	0.003178	0.002994	0.00281	0.002629	0.002451	0.002274	0.002098	0.001923	0.00175	0.001577
P00924	Glycolysis // Glycolysis	0	0	0	0	0	0	0	0	0	0	0	0	0	0	0	0	0	0	0	0	0	0	0	0	0	0	0	0	0	0	0	0	0	0	0	0	0	0	0	0	0	0	0	0	0	0	0	0	0	0	0	0	0	0	0	0	0	0	0	0	0	0	0	0	0	0	0	0	0	0	0	0	0	0	0	0	0	0	0	0	0
P00925	Glycolysis // Glycolysis	0	0	0	0	0	0	0	0	0	0	0	0	0	0	0	0	0	0	0	0	0	0	0	0	0	0	0	0	0	0	0	0	0	0	0	0	0	0	0	0	0	0	0	0	0	0	0	0	0	0	0	0	0	0	0	0	0	0	0	0	0	0	0	0	0	0	0	0	0	0	0	0	0	0	0	0	0	0	0	0	0
P00942	Glycolysis // Glycolysis	8e-05	4.7e-05	3.8e-05	4e-05	4.1e-05	4.2e-05	4.3e-05	4.4e-05	4.4e-05	4.5e-05	4.5e-05	4.6e-05	4.6e-05	4.6e-05	4.6e-05	4.6e-05	4.7e-05	4.7e-05	4.7e-05	4.7e-05	4.7e-05	4.7e-05	4.7e-05	4.7e-05	4.7e-05	4.7e-05	4.7e-05	4.7e-05	4.7e-05	4.7e-05	4.7e-05	4.7e-05	4.7e-05	4.7e-05	4.7e-05	4.7e-05	4.7e-05	4.7e-05	4.7e-05	4.7e-05	4.7e-05	4.7e-05	4.7e-05	4.7e-05	4.7e-05	4.7e-05	4.7e-05	4.7e-05	4.7e-05	4.7e-05	4.7e-05	4.7e-05	4.7e-05	4.7e-05	4.7e-05	4.7e-05	4.7e-05	5.1e-05	6e-05	6.7e-05	7.5e-05	8.3e-05	9e-05	9.8e-05	0.000106	0.000113	0.000121	0.000129	0.000136	0.000143	0.000151	0.000158	0.000166	0.000173	0.00018	0.000187	0.000194	0.000201	0.000208	0.000215	0.000222
P00950	Glycolysis // Glycolysis	0.002493	0.001474	0.001186	0.001246	0.001291	0.001326	0.001353	0.001375	0.001392	0.001407	0.00142	0.00143	0.001439	0.001447	0.001453	0.001459	0.001464	0.001468	0.001472	0.001475	0.001478	0.00148	0.001482	0.001484	0.001485	0.001487	0.001488	0.001489	0.00149	0.00149	0.001491	0.001491	0.001491	0.001491	0.001491	0.001491	0.001491	0.001491	0.001491	0.001491	0.00149	0.00149	0.001489	0.001489	0.001488	0.001488	0.001487	0.001487	0.001486	0.001485	0.001485	0.001484	0.001483	0.001482	0.001482	0.001481	0.00148	0.001574	0.001859	0.002056	0.0023	0.002543	0.002784	0.003024	0.003262	0.003499	0.003735	0.003969	0.004201	0.004433	0.004662	0.004891	0.005118	0.005343	0.005567	0.005788	0.006009	0.006228	0.006445	0.006661	0.006876
P04037	Oxidative Phosphorylation	0.005937	0.005929	0.005922	0.005898	0.00588	0.005866	0.005856	0.005848	0.005841	0.005836	0.005831	0.005828	0.005825	0.005823	0.005821	0.005819	0.005818	0.005817	0.005816	0.005815	0.005815	0.005815	0.005814	0.005814	0.005815	0.005815	0.005815	0.005815	0.005816	0.005816	0.005816	0.005817	0.005818	0.005818	0.005819	0.005819	0.00582	0.005821	0.005822	0.005822	0.005823	0.005824	0.005825	0.005826	0.005826	0.005827	0.005828	0.005829	0.00583	0.005831	0.005832	0.005833	0.005834	0.005834	0.005835	0.005836	0.005837	0.005823	0.005693	0.005581	0.005443	0.005306	0.005169	0.005033	0.004899	0.004765	0.004631	0.004499	0.004367	0.004236	0.004106	0.003977	0.003849	0.003721	0.003594	0.003469	0.003344	0.00322	0.003097	0.002975	0.002854
P04039	Oxidative Phosphorylation	0.006169	0.006161	0.006153	0.006128	0.00611	0.006096	0.006085	0.006077	0.00607	0.006064	0.00606	0.006056	0.006053	0.00605	0.006048	0.006047	0.006045	0.006044	0.006044	0.006043	0.006042	0.006042	0.006042	0.006042	0.006042	0.006042	0.006042	0.006043	0.006043	0.006044	0.006044	0.006045	0.006045	0.006046	0.006046	0.006047	0.006048	0.006049	0.006049	0.00605	0.006051	0.006052	0.006053	0.006053	0.006054	0.006055	0.006056	0.006057	0.006058	0.006059	0.00606	0.006061	0.006062	0.006063	0.006064	0.006065	0.006065	0.00605	0.005916	0.005799	0.005656	0.005513	0.005371	0.00523	0.00509	0.004951	0.004813	0.004675	0.004538	0.004402	0.004267	0.004133	0.003999	0.003867	0.003735	0.003605	0.003475	0.003346	0.003219	0.003091	0.002965
P04385	Galactose metabolism	0	0	0	0	0	0	0	0	0	0	0	0	0	0	0	0	0	0	0	0	0	0	0	0	0	0	0	0	0	0	0	0	0	0	0	0	0	0	0	0	0	0	0	0	0	0	0	0	0	0	0	0	0	0	0	0	0	0	0	0	0	0	0	0	0	0	0	0	0	0	0	0	0	0	0	0	0	0	0	0	0
P04397	Galactose metabolism // Galactose metabolism	0	0	0	0	0	0	0	0	0	0	0	0	0	0	0	0	0	0	0	0	0	0	0	0	0	0	0	0	0	0	0	0	0	0	0	0	0	0	0	0	0	0	0	0	0	0	0	0	0	0	0	0	0	0	0	0	0	0	0	0	0	0	0	0	0	0	0	0	0	0	0	0	0	0	0	0	0	0	0	0	0
P04806	Glycolysis	0.0051	0.003472	0.003074	0.00338	0.003607	0.003781	0.003918	0.004029	0.004119	0.004193	0.004256	0.004308	0.004353	0.004391	0.004424	0.004453	0.004477	0.004498	0.004517	0.004533	0.004546	0.004558	0.004568	0.004577	0.004585	0.004591	0.004596	0.004601	0.004604	0.004607	0.004609	0.004611	0.004612	0.004612	0.004612	0.004612	0.004611	0.004609	0.004608	0.004606	0.004604	0.004602	0.004599	0.004596	0.004593	0.00459	0.004587	0.004583	0.00458	0.004577	0.004573	0.004569	0.004565	0.004561	0.004557	0.004552	0.004547	0.004711	0.005285	0.005715	0.006241	0.006764	0.007284	0.007801	0.008315	0.008826	0.009334	0.009839	0.010342	0.010841	0.011337	0.011831	0.012321	0.012808	0.013292	0.013772	0.014248	0.014721	0.015192	0.01566	0.016124
P04807	Glycolysis	0	0	0	0	0	0	0	0	0	0	0	0	0	0	0	0	0	0	0	0	0	0	0	0	0	0	0	0	0	0	0	0	0	0	0	0	0	0	0	0	0	0	0	0	0	0	0	0	0	0	0	0	0	0	0	0	0	0	0	0	0	0	0	0	0	0	0	0	0	0	0	0	0	0	0	0	0	0	0	0	0
P05626	Oxidative Phosphorylation	0.025359	0.024646	0.024353	0.024084	0.023884	0.023729	0.023607	0.023508	0.023427	0.023359	0.023302	0.023253	0.023211	0.023175	0.023144	0.023116	0.023092	0.023071	0.023052	0.023036	0.023021	0.023008	0.022997	0.022986	0.022977	0.022969	0.022962	0.022955	0.02295	0.022945	0.02294	0.022936	0.022933	0.02293	0.022928	0.022926	0.022924	0.022923	0.022922	0.022921	0.02292	0.02292	0.02292	0.02292	0.02292	0.022921	0.022921	0.022921	0.022922	0.022923	0.022923	0.022924	0.022925	0.022927	0.022928	0.02293	0.022932	0.022909	0.022436	0.021996	0.021452	0.020911	0.020374	0.019839	0.019308	0.01878	0.018255	0.017734	0.017215	0.0167	0.016188	0.015679	0.015173	0.01467	0.014171	0.013676	0.013184	0.012695	0.012209	0.011727	0.011248
P06169	Anaerobic excretion	0.051582	0.027674	0.019566	0.016626	0.014419	0.012701	0.011327	0.010202	0.009265	0.008471	0.007792	0.007202	0.006687	0.006232	0.005828	0.005467	0.005141	0.004847	0.00458	0.004336	0.004112	0.003907	0.003717	0.003541	0.003378	0.003227	0.003085	0.002953	0.002829	0.002713	0.002603	0.0025	0.002403	0.002311	0.002224	0.002141	0.002063	0.001988	0.001917	0.00185	0.001785	0.001724	0.001665	0.001609	0.001555	0.001503	0.001443	0.001386	0.001332	0.001279	0.001228	0.001179	0.001132	0.001087	0.001043	0.001018	0.001016	0.003304	0.009792	0.014062	0.019393	0.024691	0.029957	0.03519	0.040391	0.045559	0.050695	0.055798	0.060868	0.065906	0.070911	0.075884	0.080825	0.085731	0.090599	0.095417	0.100202	0.104955	0.109675	0.114363	0.119019
P07143	Oxidative Phosphorylation	0.037178	0.037129	0.037082	0.036931	0.03682	0.036736	0.036671	0.036619	0.036578	0.036545	0.036518	0.036495	0.036477	0.036462	0.03645	0.03644	0.036432	0.036425	0.03642	0.036417	0.036414	0.036412	0.036411	0.036411	0.036411	0.036412	0.036414	0.036416	0.036418	0.036421	0.036423	0.036427	0.03643	0.036434	0.036438	0.036442	0.036446	0.036451	0.036455	0.03646	0.036465	0.03647	0.036475	0.03648	0.036486	0.036491	0.036496	0.036502	0.036508	0.036513	0.036519	0.036525	0.03653	0.036536	0.036542	0.036547	0.036552	0.036462	0.03565	0.034949	0.034085	0.033225	0.03237	0.031521	0.030676	0.029836	0.029002	0.028172	0.027348	0.026529	0.025714	0.024905	0.024101	0.023302	0.022509	0.021723	0.020942	0.020167	0.019396	0.01863	0.01787
P07170	Salvage pathways // Salvage pathways	0	0	0	0	0	0	0	0	0	0	0	0	0	0	0	0	0	0	0	0	0	0	0	0	0	0	0	0	0	0	0	0	0	0	0	0	0	0	0	0	0	0	0	0	0	0	0	0	0	0	0	0	0	0	0	0	0	0	0	0	0	0	0	0	0	0	0	0	0	0	0	0	0	0	0	0	0	0	0	0	0
P07251	Oxidative Phosphorylation	0.055199	0.053648	0.053011	0.052424	0.051988	0.051652	0.051386	0.051171	0.050994	0.050846	0.050722	0.050616	0.050525	0.050446	0.050378	0.050318	0.050266	0.05022	0.050179	0.050143	0.050111	0.050082	0.050057	0.050035	0.050015	0.049997	0.049981	0.049967	0.049955	0.049944	0.049935	0.049926	0.049919	0.049913	0.049907	0.049903	0.049899	0.049896	0.049894	0.049892	0.049891	0.049891	0.04989	0.049891	0.049891	0.049892	0.049893	0.049894	0.049895	0.049896	0.049898	0.0499	0.049902	0.049905	0.049907	0.049911	0.049916	0.049866	0.048838	0.047879	0.046695	0.045518	0.044348	0.043185	0.042029	0.040879	0.039737	0.038601	0.037473	0.036351	0.035236	0.034128	0.033027	0.031933	0.030846	0.029768	0.028698	0.027634	0.026576	0.025526	0.024483
P07255	Oxidative Phosphorylation // Oxidative Phosphorylation	0.002412	0.002408	0.002405	0.002396	0.002388	0.002383	0.002379	0.002375	0.002373	0.00237	0.002369	0.002367	0.002366	0.002365	0.002364	0.002364	0.002363	0.002363	0.002362	0.002362	0.002362	0.002362	0.002362	0.002362	0.002362	0.002362	0.002362	0.002362	0.002362	0.002362	0.002363	0.002363	0.002363	0.002363	0.002364	0.002364	0.002364	0.002364	0.002365	0.002365	0.002365	0.002366	0.002366	0.002366	0.002367	0.002367	0.002367	0.002368	0.002368	0.002368	0.002369	0.002369	0.00237	0.00237	0.00237	0.002371	0.002371	0.002365	0.002312	0.002267	0.002211	0.002155	0.0021	0.002045	0.00199	0.001935	0.001881	0.001827	0.001774	0.001721	0.001668	0.001615	0.001563	0.001511	0.00146	0.001409	0.001358	0.001308	0.001258	0.001208	0.001159
P07256	Oxidative Phosphorylation	0.054835	0.054762	0.054694	0.05447	0.054307	0.054183	0.054087	0.054011	0.05395	0.053901	0.05386	0.053828	0.053801	0.053779	0.053761	0.053746	0.053734	0.053725	0.053717	0.053712	0.053708	0.053705	0.053704	0.053703	0.053704	0.053705	0.053707	0.05371	0.053713	0.053717	0.053722	0.053726	0.053732	0.053737	0.053743	0.053749	0.053755	0.053762	0.053769	0.053776	0.053783	0.05379	0.053798	0.053806	0.053813	0.053821	0.053829	0.053837	0.053846	0.053854	0.053862	0.053871	0.053879	0.053888	0.053896	0.053904	0.053911	0.053779	0.05258	0.051547	0.050272	0.049004	0.047743	0.04649	0.045245	0.044006	0.042775	0.041552	0.040336	0.039128	0.037927	0.036733	0.035547	0.034369	0.033199	0.03204	0.030888	0.029744	0.028608	0.027478	0.026357
P07257	Oxidative Phosphorylation	0.044191	0.044132	0.044077	0.043897	0.043765	0.043665	0.043588	0.043527	0.043478	0.043438	0.043406	0.043379	0.043357	0.04334	0.043325	0.043313	0.043304	0.043296	0.04329	0.043286	0.043282	0.04328	0.043279	0.043279	0.043279	0.04328	0.043282	0.043284	0.043287	0.04329	0.043294	0.043298	0.043302	0.043306	0.043311	0.043316	0.043321	0.043326	0.043332	0.043337	0.043343	0.043349	0.043355	0.043361	0.043368	0.043374	0.04338	0.043387	0.043394	0.0434	0.043407	0.043414	0.043421	0.043428	0.043435	0.043441	0.043447	0.04334	0.042374	0.041541	0.040514	0.039492	0.038476	0.037466	0.036462	0.035464	0.034472	0.033486	0.032507	0.031533	0.030565	0.029603	0.028647	0.027697	0.026754	0.025821	0.024893	0.023971	0.023055	0.022145	0.02124
P08067	Oxidative Phosphorylation	0.025508	0.025474	0.025442	0.025339	0.025262	0.025205	0.02516	0.025125	0.025096	0.025074	0.025055	0.02504	0.025027	0.025017	0.025008	0.025002	0.024996	0.024992	0.024988	0.024986	0.024984	0.024983	0.024982	0.024982	0.024982	0.024983	0.024984	0.024985	0.024986	0.024988	0.02499	0.024993	0.024995	0.024998	0.025	0.025003	0.025006	0.025009	0.025012	0.025016	0.025019	0.025022	0.025026	0.025029	0.025033	0.025037	0.02504	0.025044	0.025048	0.025052	0.025056	0.02506	0.025064	0.025068	0.025072	0.025075	0.025079	0.025017	0.024459	0.023979	0.023386	0.022796	0.022209	0.021626	0.021047	0.020471	0.019898	0.019329	0.018764	0.018201	0.017643	0.017088	0.016536	0.015988	0.015443	0.014904	0.014369	0.013836	0.013308	0.012782	0.012261
P08417	TCA // TCA	0.000206	0.000778	0.000943	0.000915	0.000895	0.00088	0.000867	0.000858	0.00085	0.000843	0.000838	0.000833	0.000829	0.000826	0.000823	0.000821	0.000819	0.000817	0.000815	0.000814	0.000813	0.000812	0.000811	0.000811	0.00081	0.00081	0.000809	0.000809	0.000809	0.000809	0.000809	0.000809	0.000809	0.000809	0.000809	0.000809	0.000809	0.000809	0.00081	0.00081	0.00081	0.000811	0.000811	0.000811	0.000812	0.000812	0.000813	0.000813	0.000813	0.000814	0.000814	0.000815	0.000815	0.000816	0.000816	0.000817	0.000818	0.000795	0.000751	0.000729	0.000702	0.000675	0.000648	0.000621	0.000595	0.000569	0.000542	0.000516	0.00049	0.000465	0.000439	0.000413	0.000388	0.000363	0.000338	0.000313	0.000289	0.000265	0.000241	0.000217	0.000193
P08431	Galactose metabolism // Galactose metabolism	0	0	0	0	0	0	0	0	0	0	0	0	0	0	0	0	0	0	0	0	0	0	0	0	0	0	0	0	0	0	0	0	0	0	0	0	0	0	0	0	0	0	0	0	0	0	0	0	0	0	0	0	0	0	0	0	0	0	0	0	0	0	0	0	0	0	0	0	0	0	0	0	0	0	0	0	0	0	0	0	0
P08525	Oxidative Phosphorylation	0.011981	0.011965	0.01195	0.011901	0.011866	0.011839	0.011818	0.011801	0.011788	0.011777	0.011768	0.011761	0.011755	0.01175	0.011746	0.011743	0.011741	0.011739	0.011737	0.011736	0.011735	0.011734	0.011734	0.011734	0.011734	0.011734	0.011735	0.011735	0.011736	0.011737	0.011738	0.011739	0.01174	0.011741	0.011743	0.011744	0.011745	0.011747	0.011748	0.01175	0.011751	0.011753	0.011755	0.011756	0.011758	0.01176	0.011761	0.011763	0.011765	0.011767	0.011769	0.01177	0.011772	0.011774	0.011776	0.011778	0.011779	0.01175	0.011488	0.011263	0.010984	0.010707	0.010432	0.010158	0.009886	0.009615	0.009346	0.009079	0.008813	0.008549	0.008287	0.008026	0.007767	0.007509	0.007254	0.007001	0.006749	0.006499	0.006251	0.006004	0.005759
P09201	Glycolysis	0	0	0	0	0	0	0	0	0	0	0	0	0	0	0	0	0	0	0	0	0	0	0	0	0	0	0	0	0	0	0	0	0	0	0	0	0	0	0	0	0	0	0	0	0	0	0	0	0	0	0	0	0	0	0	0	0	0	0	0	0	0	0	0	0	0	0	0	0	0	0	0	0	0	0	0	0	0	0	0	0
P09457	Oxidative Phosphorylation	0.021487	0.020883	0.020635	0.020407	0.020237	0.020106	0.020003	0.019919	0.01985	0.019793	0.019744	0.019703	0.019668	0.019637	0.01961	0.019587	0.019567	0.019549	0.019533	0.019519	0.019506	0.019495	0.019486	0.019477	0.019469	0.019462	0.019456	0.019451	0.019446	0.019442	0.019438	0.019435	0.019432	0.019429	0.019427	0.019426	0.019424	0.019423	0.019422	0.019421	0.019421	0.019421	0.019421	0.019421	0.019421	0.019422	0.019422	0.019422	0.019422	0.019423	0.019424	0.019424	0.019425	0.019426	0.019427	0.019429	0.019431	0.019411	0.019011	0.018638	0.018177	0.017719	0.017263	0.01681	0.01636	0.015913	0.015468	0.015026	0.014587	0.01415	0.013716	0.013285	0.012856	0.01243	0.012007	0.011588	0.011171	0.010757	0.010345	0.009937	0.00953
P09624	Other	7e-06	1e-06	0.001117	0.005104	0.008097	0.010425	0.012288	0.013812	0.015081	0.016156	0.017076	0.017874	0.018571	0.019186	0.019732	0.020221	0.02066	0.021057	0.021418	0.021747	0.022049	0.022326	0.022581	0.022818	0.023037	0.023241	0.023431	0.023608	0.023775	0.023931	0.024077	0.024216	0.024346	0.024469	0.024585	0.024696	0.0248	0.0249	0.024994	0.025084	0.02517	0.025252	0.02533	0.025405	0.025476	0.025545	0.025624	0.025699	0.025772	0.025842	0.025909	0.025974	0.026036	0.026096	0.026153	0.026189	0.026199	0.025445	0.024444	0.02397	0.023381	0.022797	0.022215	0.021637	0.021063	0.020492	0.019925	0.019361	0.018801	0.018244	0.017691	0.017141	0.016595	0.016053	0.015517	0.014994	0.014475	0.013959	0.013446	0.012937	0.012431
P0CX10	Glycolysis // Glycolysis	0	0	0	0	0	0	0	0	0	0	0	0	0	0	0	0	0	0	0	0	0	0	0	0	0	0	0	0	0	0	0	0	0	0	0	0	0	0	0	0	0	0	0	0	0	0	0	0	0	0	0	0	0	0	0	0	0	0	0	0	0	0	0	0	0	0	0	0	0	0	0	0	0	0	0	0	0	0	0	0	0
P0CX11	Glycolysis // Glycolysis	0	0	0	0	0	0	0	0	0	0	0	0	0	0	0	0	0	0	0	0	0	0	0	0	0	0	0	0	0	0	0	0	0	0	0	0	0	0	0	0	0	0	0	0	0	0	0	0	0	0	0	0	0	0	0	0	0	0	0	0	0	0	0	0	0	0	0	0	0	0	0	0	0	0	0	0	0	0	0	0	0
P10174	Oxidative Phosphorylation	0.002401	0.002398	0.002395	0.002385	0.002378	0.002372	0.002368	0.002365	0.002362	0.00236	0.002358	0.002357	0.002356	0.002355	0.002354	0.002353	0.002353	0.002352	0.002352	0.002352	0.002352	0.002351	0.002351	0.002351	0.002351	0.002351	0.002352	0.002352	0.002352	0.002352	0.002352	0.002352	0.002353	0.002353	0.002353	0.002353	0.002354	0.002354	0.002354	0.002355	0.002355	0.002355	0.002355	0.002356	0.002356	0.002356	0.002357	0.002357	0.002358	0.002358	0.002358	0.002359	0.002359	0.002359	0.00236	0.00236	0.00236	0.002355	0.002302	0.002257	0.002201	0.002146	0.00209	0.002036	0.001981	0.001927	0.001873	0.001819	0.001766	0.001713	0.001661	0.001608	0.001556	0.001505	0.001454	0.001403	0.001352	0.001302	0.001253	0.001203	0.001154
P10963	Other	0	0	0	0	0	0	0	0	0	0	0	0	0	0	0	0	0	0	0	0	0	0	0	0	0	0	0	0	0	0	0	0	0	0	0	0	0	0	0	0	0	0	0	0	0	0	0	0	0	0	0	0	0	0	0	0	0	0	0	0	0	0	0	0	0	0	0	0	0	0	0	0	0	0	0	0	0	0	0	0	0
P11154	TCA	0	0.002471	0.003699	0.004706	0.005452	0.006024	0.006475	0.006837	0.007132	0.007377	0.007581	0.007754	0.0079	0.008025	0.008133	0.008225	0.008305	0.008374	0.008434	0.008485	0.00853	0.008568	0.008601	0.00863	0.008654	0.008674	0.008691	0.008704	0.008715	0.008724	0.00873	0.008734	0.008737	0.008737	0.008737	0.008734	0.008731	0.008726	0.008721	0.008714	0.008706	0.008698	0.008688	0.008678	0.008668	0.008657	0.008646	0.008635	0.008623	0.00861	0.008598	0.008585	0.008571	0.008557	0.008543	0.008528	0.00851	0.008916	0.009072	0.009229	0.009385	0.009541	0.009698	0.009854	0.010011	0.010167	0.010324	0.01048	0.010637	0.010793	0.01095	0.011106	0.011262	0.011419	0.011575	0.011732	0.011888	0.012045	0.012201	0.012358	0.012514
P11412	pentose phosphate	0	0.000169	0.00024	0.000308	0.000358	0.000397	0.000427	0.000452	0.000471	0.000488	0.000502	0.000513	0.000523	0.000532	0.000539	0.000545	0.00055	0.000555	0.000559	0.000563	0.000566	0.000568	0.00057	0.000572	0.000574	0.000575	0.000576	0.000577	0.000578	0.000579	0.000579	0.000579	0.000579	0.000579	0.000579	0.000579	0.000579	0.000579	0.000578	0.000578	0.000577	0.000577	0.000576	0.000575	0.000575	0.000574	0.000573	0.000573	0.000572	0.000571	0.00057	0.000569	0.000568	0.000567	0.000566	0.000564	0.000561	0.000459	0.000372	0.000381	0.00039	0.000398	0.000406	0.000415	0.000423	0.000432	0.00044	0.000449	0.000457	0.000466	0.000474	0.000483	0.000491	0.0005	0.000507	0.000514	0.00052	0.000526	0.000533	0.000539	0.000546
P12695	Other	0	0	7.8e-05	0.000355	0.000564	0.000726	0.000855	0.000962	0.00105	0.001125	0.001189	0.001244	0.001293	0.001336	0.001374	0.001408	0.001438	0.001466	0.001491	0.001514	0.001535	0.001554	0.001572	0.001588	0.001604	0.001618	0.001631	0.001644	0.001655	0.001666	0.001676	0.001686	0.001695	0.001703	0.001712	0.001719	0.001726	0.001733	0.00174	0.001746	0.001752	0.001758	0.001763	0.001769	0.001774	0.001778	0.001784	0.001789	0.001794	0.001799	0.001804	0.001808	0.001813	0.001817	0.001821	0.001823	0.001824	0.001771	0.001702	0.001669	0.001628	0.001587	0.001547	0.001506	0.001466	0.001427	0.001387	0.001348	0.001309	0.00127	0.001232	0.001193	0.001155	0.001118	0.00108	0.001044	0.001008	0.000972	0.000936	0.000901	0.000865
P12709	Glycolysis // Glycolysis	0.002327	0.001323	0.001031	0.001066	0.001092	0.001112	0.001128	0.001141	0.001151	0.00116	0.001167	0.001173	0.001178	0.001183	0.001187	0.00119	0.001193	0.001195	0.001198	0.001199	0.001201	0.001203	0.001204	0.001205	0.001206	0.001207	0.001207	0.001208	0.001208	0.001209	0.001209	0.001209	0.001209	0.00121	0.00121	0.00121	0.00121	0.00121	0.001209	0.001209	0.001209	0.001209	0.001209	0.001208	0.001208	0.001208	0.001208	0.001207	0.001207	0.001207	0.001206	0.001206	0.001205	0.001205	0.001205	0.001205	0.001206	0.00138	0.001721	0.001904	0.00213	0.002354	0.002578	0.0028	0.00302	0.003239	0.003457	0.003674	0.003889	0.004103	0.004316	0.004527	0.004737	0.004945	0.005153	0.00536	0.005565	0.005769	0.005972	0.006174	0.006374
P14540	Glycolysis // Glycolysis	0.031703	0.018691	0.014995	0.015742	0.016295	0.01672	0.017055	0.017324	0.017544	0.017727	0.017879	0.018008	0.018118	0.018212	0.018293	0.018363	0.018423	0.018476	0.018521	0.018561	0.018595	0.018625	0.018651	0.018673	0.018692	0.018708	0.018722	0.018734	0.018743	0.018751	0.018756	0.018761	0.018764	0.018766	0.018766	0.018766	0.018765	0.018762	0.018759	0.018756	0.018751	0.018746	0.01874	0.018734	0.018727	0.01872	0.018714	0.018707	0.018699	0.018691	0.018683	0.018674	0.018666	0.018656	0.018647	0.01864	0.018634	0.020062	0.023896	0.026403	0.029508	0.032595	0.035663	0.038713	0.041745	0.044758	0.047753	0.05073	0.053688	0.056628	0.059549	0.062453	0.065337	0.068203	0.07105	0.073876	0.076683	0.079471	0.082242	0.084994	0.087727
P15019	pentose phosphate // pentose phosphate	0	0.000641	0.000912	0.001169	0.001359	0.001505	0.00162	0.001712	0.001788	0.00185	0.001902	0.001946	0.001984	0.002016	0.002043	0.002067	0.002087	0.002105	0.00212	0.002133	0.002144	0.002154	0.002163	0.00217	0.002176	0.002181	0.002185	0.002189	0.002192	0.002194	0.002195	0.002196	0.002197	0.002197	0.002197	0.002196	0.002196	0.002194	0.002193	0.002191	0.002189	0.002187	0.002185	0.002182	0.002179	0.002177	0.002174	0.002171	0.002168	0.002165	0.002161	0.002158	0.002155	0.002151	0.002147	0.00214	0.002129	0.001738	0.001408	0.00144	0.001472	0.001504	0.001536	0.001568	0.0016	0.001632	0.001665	0.001697	0.001729	0.001761	0.001793	0.001825	0.001858	0.001889	0.001919	0.001943	0.001967	0.001991	0.002015	0.002039	0.002063
P16387	Other	6e-06	1e-06	0.000958	0.00438	0.006947	0.008945	0.010543	0.011851	0.012941	0.013862	0.014652	0.015336	0.015935	0.016462	0.016931	0.01735	0.017727	0.018068	0.018378	0.01866	0.018919	0.019157	0.019376	0.019579	0.019767	0.019942	0.020105	0.020257	0.0204	0.020534	0.02066	0.020778	0.02089	0.020995	0.021095	0.02119	0.02128	0.021365	0.021446	0.021523	0.021597	0.021667	0.021734	0.021798	0.02186	0.021919	0.021987	0.022051	0.022114	0.022174	0.022231	0.022287	0.02234	0.022391	0.022441	0.022471	0.02248	0.021833	0.020974	0.020567	0.020062	0.019561	0.019062	0.018566	0.018073	0.017583	0.017097	0.016613	0.016132	0.015654	0.01518	0.014708	0.014239	0.013774	0.013315	0.012866	0.01242	0.011977	0.011537	0.0111	0.010667
P16451	Other	0	0	6.8e-05	0.000311	0.000493	0.000635	0.000749	0.000842	0.000919	0.000985	0.001041	0.001089	0.001132	0.001169	0.001203	0.001232	0.001259	0.001283	0.001305	0.001325	0.001344	0.001361	0.001376	0.001391	0.001404	0.001416	0.001428	0.001439	0.001449	0.001458	0.001467	0.001476	0.001484	0.001491	0.001498	0.001505	0.001511	0.001517	0.001523	0.001529	0.001534	0.001539	0.001544	0.001548	0.001553	0.001557	0.001562	0.001566	0.001571	0.001575	0.001579	0.001583	0.001587	0.00159	0.001594	0.001596	0.001597	0.001551	0.00149	0.001461	0.001425	0.001389	0.001354	0.001319	0.001284	0.001249	0.001214	0.00118	0.001146	0.001112	0.001078	0.001045	0.001011	0.000978	0.000946	0.000914	0.000882	0.000851	0.000819	0.000788	0.000758
P16467	Anaerobic excretion	0	0	0	0	0	0	0	0	0	0	0	0	0	0	0	0	0	0	0	0	0	0	0	0	0	0	0	0	0	0	0	0	0	0	0	0	0	0	0	0	0	0	0	0	0	0	0	0	0	0	0	0	0	0	0	0	0	0	0	0	0	0	0	0	0	0	0	0	0	0	0	0	0	0	0	0	0	0	0	0	0
P16861	Glycolysis	0	0	0	0	0	0	0	0	0	0	0	0	0	0	0	0	0	0	0	0	0	0	0	0	0	0	0	0	0	0	0	0	0	0	0	0	0	0	0	0	0	0	0	0	0	0	0	0	0	0	0	0	0	0	0	0	0	0	0	0	0	0	0	0	0	0	0	0	0	0	0	0	0	0	0	0	0	0	0	0	0
P16862	Glycolysis // Glycolysis	0.007621	0.004493	0.003605	0.003784	0.003917	0.004019	0.0041	0.004164	0.004217	0.004261	0.004298	0.004329	0.004355	0.004378	0.004397	0.004414	0.004429	0.004441	0.004452	0.004462	0.00447	0.004477	0.004483	0.004489	0.004493	0.004497	0.0045	0.004503	0.004505	0.004507	0.004509	0.00451	0.00451	0.004511	0.004511	0.004511	0.004511	0.00451	0.004509	0.004508	0.004507	0.004506	0.004505	0.004503	0.004502	0.0045	0.004498	0.004497	0.004495	0.004493	0.004491	0.004489	0.004487	0.004485	0.004482	0.004481	0.004479	0.004822	0.005744	0.006347	0.007093	0.007835	0.008573	0.009306	0.010035	0.010759	0.011479	0.012194	0.012906	0.013612	0.014315	0.015012	0.015706	0.016395	0.017079	0.017758	0.018433	0.019103	0.019769	0.020431	0.021088
P17505	TCA // TCA	0.000752	0.002853	0.003444	0.003349	0.003279	0.003225	0.003183	0.003149	0.003121	0.003099	0.00308	0.003064	0.00305	0.003039	0.003029	0.003021	0.003014	0.003008	0.003002	0.002998	0.002994	0.002991	0.002988	0.002986	0.002984	0.002983	0.002981	0.00298	0.00298	0.002979	0.002979	0.002979	0.002979	0.00298	0.00298	0.002981	0.002981	0.002982	0.002983	0.002984	0.002985	0.002987	0.002988	0.002989	0.00299	0.002992	0.002993	0.002995	0.002996	0.002998	0.002999	0.003001	0.003003	0.003004	0.003006	0.003008	0.003011	0.002897	0.002739	0.002657	0.002558	0.00246	0.002363	0.002266	0.002169	0.002073	0.001977	0.001882	0.001788	0.001694	0.0016	0.001507	0.001415	0.001323	0.001232	0.001143	0.001054	0.000966	0.000878	0.000791	0.000705
P17709	Glycolysis	0	0	0	0	0	0	0	0	0	0	0	0	0	0	0	0	0	0	0	0	0	0	0	0	0	0	0	0	0	0	0	0	0	0	0	0	0	0	0	0	0	0	0	0	0	0	0	0	0	0	0	0	0	0	0	0	0	0	0	0	0	0	0	0	0	0	0	0	0	0	0	0	0	0	0	0	0	0	0	0	0
P19414	TCA // TCA	0.002393	0.009079	0.011011	0.010714	0.010495	0.010326	0.010194	0.010089	0.010003	0.009932	0.009872	0.009823	0.009781	0.009745	0.009715	0.009689	0.009666	0.009647	0.009631	0.009617	0.009605	0.009595	0.009587	0.00958	0.009574	0.009569	0.009566	0.009563	0.009561	0.00956	0.009559	0.009559	0.009559	0.009561	0.009562	0.009564	0.009566	0.009569	0.009572	0.009575	0.009578	0.009582	0.009586	0.00959	0.009594	0.009599	0.009603	0.009608	0.009612	0.009617	0.009622	0.009627	0.009633	0.009638	0.009643	0.009651	0.009661	0.009393	0.008892	0.008634	0.008324	0.008015	0.007707	0.007402	0.007098	0.006795	0.006494	0.006195	0.005897	0.005601	0.005307	0.005014	0.004722	0.004433	0.004147	0.003866	0.003587	0.00331	0.003034	0.00276	0.002487
P19516	Oxidative Phosphorylation	0	0	0	0	0	0	0	0	0	0	0	0	0	0	0	0	0	0	0	0	0	0	0	0	0	0	0	0	0	0	0	0	0	0	0	0	0	0	0	0	0	0	0	0	0	0	0	0	0	0	0	0	0	0	0	0	0	0	0	0	0	0	0	0	0	0	0	0	0	0	0	0	0	0	0	0	0	0	0	0	0
P20967	TCA	0.016533	0.062015	0.075414	0.073111	0.071407	0.070102	0.069077	0.068256	0.067587	0.067036	0.066576	0.06619	0.065863	0.065585	0.065349	0.065146	0.064972	0.064823	0.064696	0.064587	0.064493	0.064414	0.064348	0.064292	0.064246	0.064209	0.064179	0.064157	0.06414	0.06413	0.064124	0.064123	0.064126	0.064133	0.064144	0.064157	0.064174	0.064193	0.064214	0.064238	0.064264	0.064291	0.064321	0.064352	0.064384	0.064418	0.064451	0.064485	0.064521	0.064557	0.064595	0.064633	0.064673	0.064713	0.064753	0.064812	0.064886	0.063678	0.060201	0.058397	0.05623	0.054074	0.05193	0.049796	0.047674	0.045562	0.043462	0.041373	0.039295	0.037228	0.035173	0.033128	0.031095	0.029075	0.027076	0.025116	0.023168	0.02123	0.019304	0.017388	0.015483
P21306	Oxidative Phosphorylation	0.00635	0.006172	0.006099	0.006031	0.005981	0.005942	0.005912	0.005887	0.005867	0.00585	0.005835	0.005823	0.005813	0.005804	0.005796	0.005789	0.005783	0.005777	0.005773	0.005769	0.005765	0.005762	0.005759	0.005756	0.005754	0.005752	0.00575	0.005748	0.005747	0.005746	0.005745	0.005744	0.005743	0.005742	0.005742	0.005741	0.005741	0.00574	0.00574	0.00574	0.00574	0.00574	0.00574	0.00574	0.00574	0.00574	0.00574	0.00574	0.00574	0.00574	0.00574	0.005741	0.005741	0.005741	0.005742	0.005742	0.005743	0.005737	0.005619	0.005508	0.005372	0.005237	0.005102	0.004968	0.004835	0.004703	0.004571	0.004441	0.004311	0.004182	0.004054	0.003926	0.0038	0.003674	0.003549	0.003425	0.003301	0.003179	0.003057	0.002937	0.002817
P21801	TCA // TCA	0.000554	0.002089	0.002531	0.002457	0.002403	0.002361	0.002329	0.002302	0.002281	0.002263	0.002249	0.002236	0.002226	0.002217	0.00221	0.002203	0.002198	0.002193	0.002189	0.002185	0.002182	0.00218	0.002178	0.002176	0.002174	0.002173	0.002172	0.002172	0.002171	0.002171	0.002171	0.002171	0.002171	0.002171	0.002171	0.002172	0.002172	0.002173	0.002174	0.002174	0.002175	0.002176	0.002177	0.002178	0.002179	0.00218	0.002181	0.002182	0.002184	0.002185	0.002186	0.002187	0.002188	0.00219	0.002191	0.002193	0.002195	0.002133	0.002016	0.001956	0.001883	0.001811	0.001739	0.001668	0.001597	0.001526	0.001456	0.001386	0.001316	0.001247	0.001178	0.00111	0.001042	0.000974	0.000907	0.000841	0.000776	0.000711	0.000647	0.000582	0.000519
P21826	Anaplerotic reactions 	0	0	0	0	0	0	0	0	0	0	0	0	0	0	0	0	0	0	0	0	0	0	0	0	0	0	0	0	0	0	0	0	0	0	0	0	0	0	0	0	0	0	0	0	0	0	0	0	0	0	0	0	0	0	0	0	0	0	0	0	0	0	0	0	0	0	0	0	0	0	0	0	0	0	0	0	0	0	0	0	0
P21954	TCA // TCA	0.006914	0.026084	0.03175	0.030848	0.03018	0.029669	0.029267	0.028946	0.028684	0.028468	0.028288	0.028136	0.028009	0.0279	0.027807	0.027728	0.02766	0.027602	0.027552	0.02751	0.027474	0.027443	0.027417	0.027395	0.027378	0.027363	0.027352	0.027343	0.027337	0.027333	0.027331	0.027331	0.027332	0.027335	0.02734	0.027345	0.027352	0.02736	0.027368	0.027378	0.027388	0.027399	0.027411	0.027423	0.027436	0.02745	0.027463	0.027476	0.027491	0.027505	0.02752	0.027535	0.027551	0.027567	0.027583	0.027607	0.027636	0.027135	0.02569	0.024944	0.024047	0.023154	0.022266	0.021383	0.020504	0.01963	0.018761	0.017896	0.017036	0.016181	0.01533	0.014484	0.013642	0.012807	0.01198	0.011169	0.010363	0.009562	0.008765	0.007973	0.007185
P22289	Oxidative Phosphorylation	0.008162	0.008151	0.008141	0.008108	0.008083	0.008065	0.008051	0.008039	0.00803	0.008023	0.008017	0.008012	0.008008	0.008005	0.008002	0.008	0.007998	0.007997	0.007996	0.007995	0.007994	0.007994	0.007994	0.007994	0.007994	0.007994	0.007994	0.007995	0.007995	0.007996	0.007996	0.007997	0.007998	0.007999	0.008	0.008	0.008001	0.008002	0.008003	0.008004	0.008006	0.008007	0.008008	0.008009	0.00801	0.008011	0.008012	0.008014	0.008015	0.008016	0.008017	0.008019	0.00802	0.008021	0.008022	0.008024	0.008025	0.008005	0.007826	0.007673	0.007483	0.007294	0.007106	0.00692	0.006735	0.00655	0.006367	0.006185	0.006004	0.005824	0.005645	0.005468	0.005291	0.005116	0.004942	0.004769	0.004598	0.004427	0.004258	0.00409	0.003923
P23254	pentose phosphate // pentose phosphate // pentose phosphate // pentose phosphate	0	0.001122	0.001595	0.002044	0.002377	0.002633	0.002834	0.002995	0.003127	0.003236	0.003328	0.003405	0.00347	0.003526	0.003574	0.003615	0.003651	0.003681	0.003708	0.003731	0.003751	0.003768	0.003783	0.003795	0.003806	0.003815	0.003823	0.003829	0.003834	0.003837	0.00384	0.003842	0.003843	0.003843	0.003843	0.003842	0.00384	0.003838	0.003836	0.003833	0.003829	0.003826	0.003821	0.003817	0.003812	0.003807	0.003802	0.003797	0.003792	0.003787	0.003781	0.003775	0.003769	0.003763	0.003756	0.003743	0.003721	0.002913	0.002221	0.002277	0.002331	0.002385	0.00244	0.002494	0.002548	0.002603	0.002657	0.002712	0.002766	0.002821	0.002875	0.00293	0.002984	0.003038	0.003087	0.003125	0.003162	0.0032	0.003238	0.003276	0.003314
P26263	Anaerobic excretion	0	0	0	0	0	0	0	0	0	0	0	0	0	0	0	0	0	0	0	0	0	0	0	0	0	0	0	0	0	0	0	0	0	0	0	0	0	0	0	0	0	0	0	0	0	0	0	0	0	0	0	0	0	0	0	0	0	0	0	0	0	0	0	0	0	0	0	0	0	0	0	0	0	0	0	0	0	0	0	0	0
P28240	Anaplerotic reactions 	0	0.000403	0.000168	0.000291	0.000382	0.000452	0.000507	0.000552	0.000588	0.000618	0.000643	0.000664	0.000682	0.000697	0.00071	0.000722	0.000731	0.00074	0.000747	0.000753	0.000759	0.000763	0.000767	0.000771	0.000774	0.000776	0.000778	0.00078	0.000781	0.000782	0.000783	0.000783	0.000784	0.000784	0.000784	0.000783	0.000783	0.000782	0.000782	0.000781	0.00078	0.000779	0.000777	0.000776	0.000775	0.000774	0.000772	0.000771	0.000769	0.000768	0.000766	0.000765	0.000763	0.000761	0.000759	0.000754	0.000752	2e-06	2e-06	2e-06	2e-06	2e-06	2e-06	2e-06	2e-06	2e-06	2e-06	2e-06	2e-06	2e-06	2e-06	2e-06	2e-06	2e-06	2e-06	2e-06	2e-06	2e-06	2e-06	2e-06	2e-06
P30902	Oxidative Phosphorylation	0.018657	0.018133	0.017918	0.017719	0.017572	0.017458	0.017368	0.017296	0.017236	0.017186	0.017144	0.017108	0.017077	0.017051	0.017028	0.017007	0.01699	0.016974	0.01696	0.016948	0.016937	0.016928	0.016919	0.016912	0.016905	0.016899	0.016894	0.016889	0.016885	0.016881	0.016878	0.016875	0.016873	0.01687	0.016869	0.016867	0.016866	0.016865	0.016864	0.016864	0.016863	0.016863	0.016863	0.016863	0.016863	0.016864	0.016864	0.016864	0.016864	0.016865	0.016865	0.016866	0.016867	0.016868	0.016869	0.01687	0.016872	0.016855	0.016507	0.016183	0.015783	0.015385	0.01499	0.014596	0.014206	0.013817	0.013431	0.013047	0.012666	0.012287	0.01191	0.011535	0.011163	0.010793	0.010426	0.010062	0.0097	0.00934	0.008983	0.008628	0.008275
P30952	Anaplerotic reactions 	0	0.000279	0.000116	0.000201	0.000264	0.000313	0.000351	0.000382	0.000407	0.000427	0.000445	0.000459	0.000472	0.000482	0.000491	0.000499	0.000506	0.000512	0.000517	0.000521	0.000525	0.000528	0.000531	0.000533	0.000535	0.000537	0.000538	0.000539	0.00054	0.000541	0.000542	0.000542	0.000542	0.000542	0.000542	0.000542	0.000542	0.000541	0.000541	0.00054	0.000539	0.000539	0.000538	0.000537	0.000536	0.000535	0.000534	0.000533	0.000532	0.000531	0.00053	0.000529	0.000528	0.000526	0.000525	0.000522	0.00052	2e-06	1e-06	1e-06	1e-06	1e-06	1e-06	1e-06	1e-06	1e-06	1e-06	1e-06	1e-06	1e-06	1e-06	1e-06	1e-06	1e-06	1e-06	1e-06	1e-06	1e-06	1e-06	1e-06	1e-06
P32327	TCA	0	0	0	0	0	0	0	0	0	0	0	0	0	0	0	0	0	0	0	0	0	0	0	0	0	0	0	0	0	0	0	0	0	0	0	0	0	0	0	0	0	0	0	0	0	0	0	0	0	0	0	0	0	0	0	0	0	0	0	0	0	0	0	0	0	0	0	0	0	0	0	0	0	0	0	0	0	0	0	0	0
P32340	Oxidative Phosphorylation	0.01329	0.011997	0.011613	0.011618	0.011622	0.011625	0.011629	0.011631	0.011634	0.011636	0.011638	0.01164	0.011642	0.011644	0.011646	0.011647	0.011649	0.01165	0.011652	0.011653	0.011655	0.011656	0.011658	0.011659	0.01166	0.011662	0.011663	0.011664	0.011666	0.011667	0.011668	0.011669	0.011671	0.011672	0.011673	0.011674	0.011675	0.011676	0.011678	0.011679	0.01168	0.011681	0.011682	0.011683	0.011684	0.011685	0.011686	0.011687	0.011689	0.01169	0.011691	0.011692	0.011693	0.011694	0.011695	0.011696	0.011695	0.011714	0.01151	0.011301	0.011042	0.010784	0.010527	0.010272	0.010019	0.009767	0.009517	0.009268	0.009021	0.008776	0.008532	0.008289	0.008049	0.007809	0.007571	0.007335	0.007101	0.006868	0.006636	0.006407	0.006178
P32473	Other	5e-06	1e-06	0.000828	0.003785	0.006004	0.007731	0.009112	0.010243	0.011184	0.011981	0.012664	0.013255	0.013772	0.014228	0.014633	0.014996	0.015321	0.015616	0.015884	0.016128	0.016351	0.016557	0.016746	0.016921	0.017084	0.017235	0.017376	0.017508	0.017631	0.017747	0.017856	0.017958	0.018055	0.018146	0.018232	0.018314	0.018392	0.018466	0.018536	0.018602	0.018666	0.018727	0.018785	0.01884	0.018893	0.018944	0.019003	0.019059	0.019113	0.019164	0.019214	0.019262	0.019308	0.019352	0.019395	0.019422	0.019429	0.01887	0.018128	0.017776	0.01734	0.016906	0.016475	0.016046	0.01562	0.015197	0.014776	0.014358	0.013943	0.01353	0.013119	0.012712	0.012307	0.011905	0.011508	0.01112	0.010734	0.010352	0.009972	0.009594	0.009219
P32799	Oxidative Phosphorylation	0.005202	0.005195	0.005189	0.005168	0.005152	0.00514	0.005131	0.005124	0.005118	0.005114	0.00511	0.005107	0.005104	0.005102	0.0051	0.005099	0.005098	0.005097	0.005096	0.005096	0.005095	0.005095	0.005095	0.005095	0.005095	0.005095	0.005095	0.005096	0.005096	0.005096	0.005097	0.005097	0.005098	0.005098	0.005099	0.005099	0.0051	0.0051	0.005101	0.005102	0.005102	0.005103	0.005104	0.005105	0.005105	0.005106	0.005107	0.005108	0.005108	0.005109	0.00511	0.005111	0.005112	0.005112	0.005113	0.005114	0.005115	0.005102	0.004988	0.00489	0.004769	0.004649	0.004529	0.004411	0.004292	0.004175	0.004058	0.003942	0.003827	0.003712	0.003598	0.003485	0.003372	0.003261	0.00315	0.00304	0.00293	0.002822	0.002714	0.002607	0.0025
P33315	pentose phosphate // pentose phosphate // pentose phosphate // pentose phosphate	0	0	0	0	0	0	0	0	0	0	0	0	0	0	0	0	0	0	0	0	0	0	0	0	0	0	0	0	0	0	0	0	0	0	0	0	0	0	0	0	0	0	0	0	0	0	0	0	0	0	0	0	0	0	0	0	0	0	0	0	0	0	0	0	0	0	0	0	0	0	0	0	0	0	0	0	0	0	0	0	0
P33401	Galactose metabolism // Galactose metabolism	0	0	0	0	0	0	0	0	0	0	0	0	0	0	0	0	0	0	0	0	0	0	0	0	0	0	0	0	0	0	0	0	0	0	0	0	0	0	0	0	0	0	0	0	0	0	0	0	0	0	0	0	0	0	0	0	0	0	0	0	0	0	0	0	0	0	0	0	0	0	0	0	0	0	0	0	0	0	0	0	0
P33421	TCA // TCA	0.000404	0.001525	0.001847	0.001794	0.001754	0.001724	0.0017	0.001681	0.001665	0.001652	0.001641	0.001632	0.001625	0.001618	0.001613	0.001608	0.001604	0.001601	0.001598	0.001595	0.001593	0.001591	0.00159	0.001588	0.001587	0.001586	0.001586	0.001585	0.001585	0.001585	0.001585	0.001584	0.001585	0.001585	0.001585	0.001585	0.001586	0.001586	0.001587	0.001587	0.001588	0.001589	0.001589	0.00159	0.001591	0.001591	0.001592	0.001593	0.001594	0.001595	0.001596	0.001597	0.001597	0.001598	0.001599	0.001601	0.001602	0.001557	0.001472	0.001428	0.001375	0.001322	0.00127	0.001218	0.001166	0.001114	0.001063	0.001012	0.000961	0.00091	0.00086	0.00081	0.00076	0.000711	0.000662	0.000614	0.000567	0.000519	0.000472	0.000425	0.000379
P37012	Galactose metabolism // Galactose metabolism	0	0	0	0	0	0	0	0	0	0	0	0	0	0	0	0	0	0	0	0	0	0	0	0	0	0	0	0	0	0	0	0	0	0	0	0	0	0	0	0	0	0	0	0	0	0	0	0	0	0	0	0	0	0	0	0	0	0	0	0	0	0	0	0	0	0	0	0	0	0	0	0	0	0	0	0	0	0	0	0	0
P37298	TCA // TCA	0.000371	0.001399	0.001695	0.001646	0.001609	0.001582	0.00156	0.001542	0.001528	0.001516	0.001506	0.001498	0.001491	0.001485	0.00148	0.001476	0.001472	0.001469	0.001466	0.001464	0.001462	0.00146	0.001459	0.001457	0.001456	0.001456	0.001455	0.001455	0.001454	0.001454	0.001454	0.001454	0.001454	0.001454	0.001454	0.001455	0.001455	0.001455	0.001456	0.001456	0.001457	0.001458	0.001458	0.001459	0.00146	0.00146	0.001461	0.001462	0.001463	0.001463	0.001464	0.001465	0.001466	0.001467	0.001468	0.001469	0.00147	0.001429	0.001351	0.00131	0.001262	0.001213	0.001165	0.001117	0.00107	0.001022	0.000975	0.000928	0.000882	0.000835	0.000789	0.000743	0.000698	0.000652	0.000607	0.000564	0.00052	0.000476	0.000433	0.00039	0.000347
P37299	Oxidative Phosphorylation	0.009381	0.009369	0.009357	0.009319	0.009291	0.00927	0.009253	0.00924	0.00923	0.009221	0.009214	0.009209	0.009204	0.0092	0.009197	0.009195	0.009193	0.009191	0.00919	0.009189	0.009188	0.009188	0.009188	0.009188	0.009188	0.009188	0.009188	0.009189	0.009189	0.00919	0.009191	0.009191	0.009192	0.009193	0.009194	0.009195	0.009196	0.009198	0.009199	0.0092	0.009201	0.009202	0.009204	0.009205	0.009206	0.009208	0.009209	0.00921	0.009212	0.009213	0.009215	0.009216	0.009218	0.009219	0.009221	0.009222	0.009223	0.0092	0.008995	0.008819	0.0086	0.008384	0.008168	0.007954	0.00774	0.007529	0.007318	0.007109	0.006901	0.006694	0.006488	0.006284	0.006081	0.00588	0.00568	0.005481	0.005284	0.005089	0.004894	0.004701	0.004509
P38077	Oxidative Phosphorylation	0.032352	0.031443	0.03107	0.030726	0.03047	0.030273	0.030117	0.029991	0.029888	0.029801	0.029728	0.029666	0.029613	0.029567	0.029527	0.029492	0.029461	0.029434	0.02941	0.029389	0.02937	0.029353	0.029339	0.029325	0.029314	0.029303	0.029294	0.029286	0.029279	0.029272	0.029267	0.029262	0.029258	0.029254	0.029251	0.029248	0.029246	0.029244	0.029243	0.029242	0.029241	0.029241	0.029241	0.029241	0.029241	0.029242	0.029242	0.029243	0.029243	0.029244	0.029245	0.029246	0.029248	0.029249	0.029251	0.029253	0.029256	0.029226	0.028624	0.028062	0.027368	0.026678	0.025992	0.025311	0.024633	0.023959	0.02329	0.022624	0.021963	0.021305	0.020652	0.020002	0.019357	0.018716	0.018079	0.017447	0.01682	0.016196	0.015577	0.014961	0.014349
P38113	Anaerobic excretion // Anaerobic excretion	0	0	0	0	0	0	0	0	0	0	0	0	0	0	0	0	0	0	0	0	0	0	0	0	0	0	0	0	0	0	0	0	0	0	0	0	0	0	0	0	0	0	0	0	0	0	0	0	0	0	0	0	0	0	0	0	0	0	0	0	0	0	0	0	0	0	0	0	0	0	0	0	0	0	0	0	0	0	0	0	0
P38720	pentose phosphate	0	0.002694	0.00383	0.004909	0.005709	0.006322	0.006805	0.007193	0.00751	0.007772	0.007991	0.008176	0.008333	0.008467	0.008582	0.008681	0.008766	0.00884	0.008904	0.008959	0.009007	0.009048	0.009084	0.009114	0.00914	0.009161	0.009179	0.009194	0.009206	0.009215	0.009221	0.009226	0.009228	0.009229	0.009228	0.009226	0.009222	0.009217	0.009211	0.009204	0.009196	0.009186	0.009176	0.009166	0.009154	0.009142	0.009131	0.009119	0.009106	0.009093	0.009079	0.009065	0.009051	0.009036	0.00902	0.00899	0.008941	0.007284	0.00588	0.006017	0.006151	0.006285	0.006419	0.006554	0.006688	0.006823	0.006958	0.007092	0.007227	0.007362	0.007497	0.007632	0.007767	0.007899	0.008025	0.008124	0.008224	0.008324	0.008424	0.008525	0.008625
P38824	Oxidative Phosphorylation	0	0	0	0	0	0	0	0	0	0	0	0	0	0	0	0	0	0	0	0	0	0	0	0	0	0	0	0	0	0	0	0	0	0	0	0	0	0	0	0	0	0	0	0	0	0	0	0	0	0	0	0	0	0	0	0	0	0	0	0	0	0	0	0	0	0	0	0	0	0	0	0	0	0	0	0	0	0	0	0	0
P38858	pentose phosphate	0	0.00517	0.007351	0.009422	0.010956	0.012133	0.01306	0.013804	0.014412	0.014914	0.015335	0.015689	0.015991	0.016248	0.016469	0.016659	0.016823	0.016965	0.017087	0.017193	0.017285	0.017364	0.017432	0.01749	0.017539	0.017581	0.017615	0.017643	0.017666	0.017683	0.017696	0.017705	0.01771	0.017711	0.01771	0.017705	0.017698	0.017688	0.017676	0.017663	0.017647	0.017629	0.01761	0.01759	0.017568	0.017545	0.017523	0.017499	0.017475	0.01745	0.017424	0.017397	0.017369	0.01734	0.017311	0.017253	0.01716	0.014032	0.011385	0.011647	0.011906	0.012164	0.012423	0.012681	0.01294	0.013199	0.013458	0.013718	0.013977	0.014237	0.014496	0.014756	0.015016	0.015271	0.015512	0.015705	0.015898	0.016092	0.016286	0.016481	0.016676
P40047	Phenylalanine, tyrosine, and tryptophan biosynthesis (aromatic amino acids)	0	0	0	0	0	0	0	0	0	0	0	0	0	0	0	0	0	0	0	0	0	0	0	0	0	0	0	0	0	0	0	0	0	0	0	0	0	0	0	0	0	0	0	0	0	0	0	0	0	0	0	0	0	0	0	0	0	0	0	0	0	0	0	0	0	0	0	0	0	0	0	0	0	0	0	0	0	0	0	0	0
P40106	Anaerobic excretion	0	0	0	0	0	0	0	0	0	0	0	0	0	0	0	0	0	0	0	0	0	0	0	0	0	0	0	0	0	0	0	0	0	0	0	0	0	0	0	0	0	0	0	0	0	0	0	0	0	0	0	0	0	0	0	0	0	0	0	0	0	0	0	0	0	0	0	0	0	0	0	0	0	0	0	0	0	0	0	0	0
P40215	Oxidative Phosphorylation	0	0	0	0	0	0	0	0	0	0	0	0	0	0	0	0	0	0	0	0	0	0	0	0	0	0	0	0	0	0	0	0	0	0	0	0	0	0	0	0	0	0	0	0	0	0	0	0	0	0	0	0	0	0	0	0	0	0	0	0	0	0	0	0	0	0	0	0	0	0	0	0	0	0	0	0	0	0	0	0	0
P41277	Anaerobic excretion	0	0	0	0	0	0	0	0	0	0	0	0	0	0	0	0	0	0	0	0	0	0	0	0	0	0	0	0	0	0	0	0	0	0	0	0	0	0	0	0	0	0	0	0	0	0	0	0	0	0	0	0	0	0	0	0	0	0	0	0	0	0	0	0	0	0	0	0	0	0	0	0	0	0	0	0	0	0	0	0	0
P41911	Anaerobic excretion	0	0	0	0	0	0	0	0	0	0	0	0	0	0	0	0	0	0	0	0	0	0	0	0	0	0	0	0	0	0	0	0	0	0	0	0	0	0	0	0	0	0	0	0	0	0	0	0	0	0	0	0	0	0	0	0	0	0	0	0	0	0	0	0	0	0	0	0	0	0	0	0	0	0	0	0	0	0	0	0	0
P42222	Glycolysis // Glycolysis	0.010699	0.006327	0.005088	0.005348	0.005541	0.005689	0.005805	0.005899	0.005976	0.006039	0.006092	0.006137	0.006175	0.006208	0.006236	0.00626	0.006282	0.0063	0.006316	0.006329	0.006341	0.006352	0.006361	0.006368	0.006375	0.006381	0.006385	0.006389	0.006393	0.006395	0.006397	0.006399	0.0064	0.0064	0.006401	0.006401	0.0064	0.006399	0.006398	0.006397	0.006395	0.006393	0.006391	0.006389	0.006387	0.006384	0.006382	0.00638	0.006377	0.006374	0.006371	0.006368	0.006365	0.006362	0.006359	0.006356	0.006352	0.006754	0.007977	0.008823	0.009871	0.010912	0.011948	0.012977	0.014	0.015017	0.016028	0.017032	0.018031	0.019023	0.020009	0.020989	0.021962	0.022929	0.02389	0.024842	0.025787	0.026727	0.02766	0.028587	0.029508
P43635	TCA	0	0	0	0	0	0	0	0	0	0	0	0	0	0	0	0	0	0	0	0	0	0	0	0	0	0	0	0	0	0	0	0	0	0	0	0	0	0	0	0	0	0	0	0	0	0	0	0	0	0	0	0	0	0	0	0	0	0	0	0	0	0	0	0	0	0	0	0	0	0	0	0	0	0	0	0	0	0	0	0	0
P46367	Phenylalanine, tyrosine, and tryptophan biosynthesis (aromatic amino acids)	0.065121	0.034937	0.024701	0.020989	0.018203	0.016035	0.0143	0.01288	0.011696	0.010695	0.009837	0.009093	0.008442	0.007868	0.007358	0.006901	0.006491	0.006119	0.005782	0.005474	0.005192	0.004932	0.004692	0.004471	0.004265	0.004074	0.003895	0.003728	0.003572	0.003425	0.003287	0.003156	0.003034	0.002917	0.002807	0.002703	0.002604	0.00251	0.002421	0.002335	0.002254	0.002176	0.002102	0.002031	0.001963	0.001897	0.001822	0.00175	0.001681	0.001614	0.00155	0.001489	0.001429	0.001372	0.001317	0.001263	0.001211	0.001172	0.001145	0.00113	0.001111	0.001092	0.001073	0.001054	0.001036	0.001017	0.000999	0.000981	0.000963	0.000945	0.000927	0.000909	0.000891	0.000869	0.000835	0.000757	0.000679	0.000602	0.000525	0.000448	0.000372
P46969	pentose phosphate // pentose phosphate	0	0.00024	0.000341	0.000437	0.000509	0.000563	0.000606	0.000641	0.000669	0.000692	0.000712	0.000728	0.000742	0.000754	0.000764	0.000773	0.000781	0.000787	0.000793	0.000798	0.000802	0.000806	0.000809	0.000812	0.000814	0.000816	0.000818	0.000819	0.00082	0.000821	0.000821	0.000822	0.000822	0.000822	0.000822	0.000822	0.000821	0.000821	0.00082	0.00082	0.000819	0.000818	0.000817	0.000816	0.000815	0.000814	0.000813	0.000812	0.000811	0.00081	0.000809	0.000807	0.000806	0.000805	0.000803	0.000801	0.000796	0.000623	0.000475	0.000487	0.000499	0.00051	0.000522	0.000533	0.000545	0.000557	0.000568	0.00058	0.000592	0.000603	0.000615	0.000627	0.000638	0.00065	0.00066	0.000668	0.000676	0.000684	0.000693	0.000701	0.000709
P47052	TCA	0	0	0	0	0	0	0	0	0	0	0	0	0	0	0	0	0	0	0	0	0	0	0	0	0	0	0	0	0	0	0	0	0	0	0	0	0	0	0	0	0	0	0	0	0	0	0	0	0	0	0	0	0	0	0	0	0	0	0	0	0	0	0	0	0	0	0	0	0	0	0	0	0	0	0	0	0	0	0	0	0
P47081	Oxidative Phosphorylation	0	0	0	0	0	0	0	0	0	0	0	0	0	0	0	0	0	0	0	0	0	0	0	0	0	0	0	0	0	0	0	0	0	0	0	0	0	0	0	0	0	0	0	0	0	0	0	0	0	0	0	0	0	0	0	0	0	0	0	0	0	0	0	0	0	0	0	0	0	0	0	0	0	0	0	0	0	0	0	0	0
P47771	Phenylalanine, tyrosine, and tryptophan biosynthesis (aromatic amino acids)	0	0	0	0	0	0	0	0	0	0	0	0	0	0	0	0	0	0	0	0	0	0	0	0	0	0	0	0	0	0	0	0	0	0	0	0	0	0	0	0	0	0	0	0	0	0	0	0	0	0	0	0	0	0	0	0	0	0	0	0	0	0	0	0	0	0	0	0	0	0	0	0	0	0	0	0	0	0	0	0	0
P52489	Glycolysis	0	0	0	0	0	0	0	0	0	0	0	0	0	0	0	0	0	0	0	0	0	0	0	0	0	0	0	0	0	0	0	0	0	0	0	0	0	0	0	0	0	0	0	0	0	0	0	0	0	0	0	0	0	0	0	0	0	0	0	0	0	0	0	0	0	0	0	0	0	0	0	0	0	0	0	0	0	0	0	0	0
P52910	Other	0.004853	0.0203	0.023865	0.020279	0.017587	0.015492	0.013816	0.012444	0.0113	0.010333	0.009503	0.008785	0.008156	0.007601	0.007109	0.006668	0.006271	0.005912	0.005586	0.005288	0.005016	0.004765	0.004533	0.004319	0.004121	0.003936	0.003763	0.003602	0.003451	0.003309	0.003175	0.003049	0.002931	0.002819	0.002712	0.002612	0.002516	0.002425	0.002338	0.002256	0.002177	0.002102	0.002031	0.001962	0.001896	0.001833	0.00176	0.001691	0.001624	0.00156	0.001498	0.001438	0.001381	0.001326	0.001272	0.001241	0.001239	0.001247	0.001269	0.001291	0.001313	0.001335	0.001357	0.001379	0.001401	0.001422	0.001444	0.001466	0.001488	0.00151	0.001532	0.001554	0.001576	0.001598	0.001619	0.001641	0.001663	0.001685	0.001707	0.001729	0.001751
P53239	Oxidative Phosphorylation	0	0	0	0	0	0	0	0	0	0	0	0	0	0	0	0	0	0	0	0	0	0	0	0	0	0	0	0	0	0	0	0	0	0	0	0	0	0	0	0	0	0	0	0	0	0	0	0	0	0	0	0	0	0	0	0	0	0	0	0	0	0	0	0	0	0	0	0	0	0	0	0	0	0	0	0	0	0	0	0	0
P53312	TCA	0.000937	0.003516	0.004276	0.004145	0.004048	0.003974	0.003916	0.00387	0.003832	0.003801	0.003775	0.003753	0.003734	0.003718	0.003705	0.003693	0.003684	0.003675	0.003668	0.003662	0.003656	0.003652	0.003648	0.003645	0.003642	0.00364	0.003639	0.003637	0.003636	0.003636	0.003636	0.003635	0.003636	0.003636	0.003637	0.003637	0.003638	0.003639	0.003641	0.003642	0.003643	0.003645	0.003647	0.003648	0.00365	0.003652	0.003654	0.003656	0.003658	0.00366	0.003662	0.003664	0.003667	0.003669	0.003671	0.003675	0.003679	0.00361	0.003413	0.003311	0.003188	0.003066	0.002944	0.002823	0.002703	0.002583	0.002464	0.002346	0.002228	0.002111	0.001994	0.001878	0.001763	0.001648	0.001535	0.001424	0.001314	0.001204	0.001094	0.000986	0.000878
P53315	pentose phosphate	0	0	0	0	0	0	0	0	0	0	0	0	0	0	0	0	0	0	0	0	0	0	0	0	0	0	0	0	0	0	0	0	0	0	0	0	0	0	0	0	0	0	0	0	0	0	0	0	0	0	0	0	0	0	0	0	0	0	0	0	0	0	0	0	0	0	0	0	0	0	0	0	0	0	0	0	0	0	0	0	0
P53319	pentose phosphate	0	0	0	0	0	0	0	0	0	0	0	0	0	0	0	0	0	0	0	0	0	0	0	0	0	0	0	0	0	0	0	0	0	0	0	0	0	0	0	0	0	0	0	0	0	0	0	0	0	0	0	0	0	0	0	0	0	0	0	0	0	0	0	0	0	0	0	0	0	0	0	0	0	0	0	0	0	0	0	0	0
P53598	TCA	0.0007	0.002626	0.003194	0.003096	0.003024	0.002969	0.002925	0.002891	0.002862	0.002839	0.002819	0.002803	0.002789	0.002777	0.002767	0.002759	0.002751	0.002745	0.00274	0.002735	0.002731	0.002728	0.002725	0.002723	0.002721	0.002719	0.002718	0.002717	0.002716	0.002716	0.002716	0.002716	0.002716	0.002716	0.002716	0.002717	0.002718	0.002718	0.002719	0.00272	0.002721	0.002723	0.002724	0.002725	0.002727	0.002728	0.002729	0.002731	0.002732	0.002734	0.002736	0.002737	0.002739	0.00274	0.002742	0.002745	0.002748	0.002697	0.002549	0.002473	0.002381	0.00229	0.002199	0.002109	0.002019	0.00193	0.001841	0.001752	0.001664	0.001577	0.00149	0.001403	0.001317	0.001231	0.001147	0.001064	0.000981	0.000899	0.000817	0.000736	0.000656
P54115	Anaerobic excretion	0	0	0	0	0	0	0	0	0	0	0	0	0	0	0	0	0	0	0	0	0	0	0	0	0	0	0	0	0	0	0	0	0	0	0	0	0	0	0	0	0	0	0	0	0	0	0	0	0	0	0	0	0	0	0	4.3e-05	0.00014	0.005926	0.011182	0.011256	0.011339	0.011421	0.011503	0.011584	0.011666	0.011747	0.011828	0.011909	0.011989	0.01207	0.01215	0.012229	0.012309	0.012397	0.012511	0.01271	0.012908	0.013105	0.013302	0.013498	0.013693
P61829	Oxidative Phosphorylation	0.007308	0.007103	0.007018	0.006941	0.006883	0.006838	0.006803	0.006775	0.006751	0.006732	0.006715	0.006701	0.006689	0.006679	0.00667	0.006662	0.006655	0.006649	0.006643	0.006639	0.006634	0.006631	0.006627	0.006624	0.006622	0.006619	0.006617	0.006615	0.006614	0.006612	0.006611	0.00661	0.006609	0.006608	0.006608	0.006607	0.006606	0.006606	0.006606	0.006606	0.006605	0.006605	0.006605	0.006605	0.006605	0.006606	0.006606	0.006606	0.006606	0.006606	0.006606	0.006607	0.006607	0.006607	0.006608	0.006608	0.006609	0.006602	0.006466	0.006339	0.006182	0.006026	0.005871	0.005717	0.005564	0.005412	0.005261	0.005111	0.004961	0.004813	0.004665	0.004518	0.004373	0.004228	0.004084	0.003941	0.003799	0.003659	0.003519	0.00338	0.003241
P81449	Oxidative Phosphorylation	0.010243	0.009955	0.009837	0.009728	0.009647	0.009585	0.009535	0.009495	0.009462	0.009435	0.009412	0.009392	0.009375	0.009361	0.009348	0.009337	0.009327	0.009319	0.009311	0.009305	0.009299	0.009293	0.009289	0.009284	0.009281	0.009277	0.009275	0.009272	0.00927	0.009268	0.009266	0.009264	0.009263	0.009262	0.009261	0.00926	0.009259	0.009259	0.009258	0.009258	0.009258	0.009258	0.009258	0.009258	0.009258	0.009258	0.009258	0.009258	0.009259	0.009259	0.009259	0.009259	0.00926	0.00926	0.009261	0.009262	0.009263	0.009253	0.009062	0.008884	0.008665	0.008446	0.008229	0.008013	0.007799	0.007586	0.007374	0.007163	0.006953	0.006745	0.006538	0.006333	0.006128	0.005925	0.005724	0.005524	0.005325	0.005128	0.004932	0.004737	0.004543
P81450	Oxidative Phosphorylation	0.006299	0.006122	0.006049	0.005982	0.005932	0.005894	0.005864	0.005839	0.005819	0.005802	0.005788	0.005776	0.005765	0.005756	0.005749	0.005742	0.005736	0.005731	0.005726	0.005722	0.005718	0.005715	0.005712	0.005709	0.005707	0.005705	0.005703	0.005702	0.0057	0.005699	0.005698	0.005697	0.005696	0.005695	0.005695	0.005694	0.005694	0.005694	0.005693	0.005693	0.005693	0.005693	0.005693	0.005693	0.005693	0.005693	0.005693	0.005693	0.005693	0.005694	0.005694	0.005694	0.005694	0.005695	0.005695	0.005695	0.005696	0.00569	0.005573	0.005463	0.005328	0.005194	0.005061	0.004928	0.004796	0.004665	0.004534	0.004405	0.004276	0.004148	0.004021	0.003894	0.003769	0.003644	0.00352	0.003397	0.003275	0.003153	0.003033	0.002913	0.002794
P81451	Oxidative Phosphorylation	0.007095	0.006896	0.006814	0.006739	0.006683	0.00664	0.006605	0.006578	0.006555	0.006536	0.00652	0.006506	0.006495	0.006485	0.006476	0.006468	0.006461	0.006455	0.00645	0.006446	0.006441	0.006438	0.006435	0.006432	0.006429	0.006427	0.006425	0.006423	0.006421	0.00642	0.006419	0.006418	0.006417	0.006416	0.006415	0.006415	0.006414	0.006414	0.006414	0.006413	0.006413	0.006413	0.006413	0.006413	0.006413	0.006413	0.006413	0.006414	0.006414	0.006414	0.006414	0.006414	0.006415	0.006415	0.006415	0.006416	0.006416	0.00641	0.006278	0.006155	0.006002	0.005851	0.005701	0.005551	0.005403	0.005255	0.005108	0.004962	0.004817	0.004673	0.004529	0.004387	0.004245	0.004105	0.003965	0.003827	0.003689	0.003552	0.003416	0.003281	0.003147
Q00055	Anaerobic excretion	0	0	0	0	0	0	0	0	0	0	0	0	0	0	0	0	0	0	0	0	0	0	0	0	0	0	0	0	0	0	0	0	0	0	0	0	0	0	0	0	0	0	0	0	0	0	0	0	0	0	0	0	0	0	0	0	0	0	0	0	0	0	0	0	0	0	0	0	0	0	0	0	0	0	0	0	0	0	0	0	0
Q00711	TCA	0.001286	0.004853	0.005879	0.005708	0.005582	0.005485	0.005409	0.005348	0.005299	0.005258	0.005224	0.005195	0.005171	0.00515	0.005133	0.005118	0.005105	0.005094	0.005085	0.005077	0.00507	0.005064	0.005059	0.005055	0.005051	0.005049	0.005047	0.005045	0.005044	0.005043	0.005043	0.005043	0.005043	0.005043	0.005044	0.005045	0.005046	0.005048	0.005049	0.005051	0.005053	0.005055	0.005057	0.00506	0.005062	0.005065	0.005067	0.00507	0.005073	0.005075	0.005078	0.005081	0.005084	0.005087	0.00509	0.005094	0.0051	0.004955	0.004684	0.004544	0.004375	0.004208	0.004041	0.003875	0.00371	0.003545	0.003382	0.003219	0.003058	0.002897	0.002737	0.002578	0.00242	0.002263	0.002107	0.001954	0.001803	0.001652	0.001502	0.001353	0.001205
Q01519	Oxidative Phosphorylation	0.00339	0.003385	0.003381	0.003367	0.003357	0.00335	0.003344	0.003339	0.003335	0.003332	0.00333	0.003328	0.003326	0.003325	0.003323	0.003323	0.003322	0.003321	0.003321	0.00332	0.00332	0.00332	0.00332	0.00332	0.00332	0.00332	0.00332	0.00332	0.003321	0.003321	0.003321	0.003321	0.003322	0.003322	0.003322	0.003323	0.003323	0.003324	0.003324	0.003324	0.003325	0.003325	0.003326	0.003326	0.003327	0.003327	0.003328	0.003328	0.003329	0.003329	0.00333	0.00333	0.003331	0.003331	0.003332	0.003332	0.003333	0.003325	0.00325	0.003187	0.003108	0.003029	0.002951	0.002874	0.002797	0.00272	0.002644	0.002569	0.002494	0.002419	0.002345	0.002271	0.002197	0.002125	0.002052	0.001981	0.001909	0.001839	0.001768	0.001699	0.001629
Q01574	Other	0	0	0	0	0	0	0	0	0	0	0	0	0	0	0	0	0	0	0	0	0	0	0	0	0	0	0	0	0	0	0	0	0	0	0	0	0	0	0	0	0	0	0	0	0	0	0	0	0	0	0	0	0	0	0	0	0	0	0	0	0	0	0	0	0	0	0	0	0	0	0	0	0	0	0	0	0	0	0	0	0
Q04458	Phenylalanine, tyrosine, and tryptophan biosynthesis (aromatic amino acids)	0	0	0	0	0	0	0	0	0	0	0	0	0	0	0	0	0	0	0	0	0	0	0	0	0	0	0	0	0	0	0	0	0	0	0	0	0	0	0	0	0	0	0	0	0	0	0	0	0	0	0	0	0	0	0	0	0	0	0	0	0	0	0	0	0	0	0	0	0	0	0	0	0	0	0	0	0	0	0	0	0
Q04935	Oxidative Phosphorylation	0	0	0	0	0	0	0	0	0	0	0	0	0	0	0	0	0	0	0	0	0	0	0	0	0	0	0	0	0	0	0	0	0	0	0	0	0	0	0	0	0	0	0	0	0	0	0	0	0	0	0	0	0	0	0	0	0	0	0	0	0	0	0	0	0	0	0	0	0	0	0	0	0	0	0	0	0	0	0	0	0
Q06204	Glycolysis	0	0	0	0	0	0	0	0	0	0	0	0	0	0	0	0	0	0	0	0	0	0	0	0	0	0	0	0	0	0	0	0	0	0	0	0	0	0	0	0	0	0	0	0	0	0	0	0	0	0	0	0	0	0	0	0	0	0	0	0	0	0	0	0	0	0	0	0	0	0	0	0	0	0	0	0	0	0	0	0	0
Q06405	Oxidative Phosphorylation	0.010654	0.010355	0.010232	0.010119	0.010034	0.009969	0.009918	0.009877	0.009842	0.009814	0.00979	0.009769	0.009752	0.009737	0.009724	0.009712	0.009702	0.009693	0.009685	0.009678	0.009672	0.009666	0.009662	0.009657	0.009653	0.00965	0.009647	0.009644	0.009642	0.00964	0.009638	0.009636	0.009635	0.009634	0.009633	0.009632	0.009631	0.009631	0.00963	0.00963	0.00963	0.009629	0.009629	0.009629	0.00963	0.00963	0.00963	0.00963	0.00963	0.009631	0.009631	0.009631	0.009632	0.009632	0.009633	0.009633	0.009634	0.009625	0.009426	0.009241	0.009013	0.008786	0.00856	0.008335	0.008112	0.00789	0.00767	0.00745	0.007233	0.007016	0.006801	0.006587	0.006375	0.006163	0.005954	0.005746	0.005539	0.005334	0.00513	0.004927	0.004725
Q07500	Oxidative Phosphorylation	0	0	0	0	0	0	0	0	0	0	0	0	0	0	0	0	0	0	0	0	0	0	0	0	0	0	0	0	0	0	0	0	0	0	0	0	0	0	0	0	0	0	0	0	0	0	0	0	0	0	0	0	0	0	0	0	0	0	0	0	0	0	0	0	0	0	0	0	0	0	0	0	0	0	0	0	0	0	0	0	0
Q12055	Salvage pathways // Salvage pathways	0.001823	0.007626	0.008965	0.007618	0.006607	0.00582	0.00519	0.004675	0.004245	0.003882	0.00357	0.0033	0.003064	0.002856	0.00267	0.002505	0.002356	0.002221	0.002098	0.001987	0.001884	0.00179	0.001703	0.001623	0.001548	0.001478	0.001414	0.001353	0.001296	0.001243	0.001193	0.001146	0.001101	0.001059	0.001019	0.000981	0.000945	0.000911	0.000878	0.000847	0.000818	0.00079	0.000763	0.000737	0.000712	0.000688	0.000661	0.000635	0.00061	0.000586	0.000563	0.00054	0.000519	0.000498	0.000478	0.000466	0.000465	0.000469	0.000477	0.000485	0.000493	0.000501	0.00051	0.000518	0.000526	0.000534	0.000543	0.000551	0.000559	0.000567	0.000575	0.000584	0.000592	0.0006	0.000608	0.000617	0.000625	0.000633	0.000641	0.000649	0.000658
Q12165	Oxidative Phosphorylation	0.01603	0.01558	0.015395	0.015225	0.015098	0.015	0.014923	0.01486	0.014809	0.014766	0.01473	0.014699	0.014673	0.01465	0.01463	0.014613	0.014598	0.014584	0.014572	0.014562	0.014553	0.014544	0.014537	0.01453	0.014525	0.01452	0.014515	0.014511	0.014507	0.014504	0.014501	0.014499	0.014497	0.014495	0.014494	0.014492	0.014491	0.01449	0.01449	0.014489	0.014489	0.014489	0.014489	0.014489	0.014489	0.014489	0.014489	0.01449	0.01449	0.01449	0.014491	0.014491	0.014492	0.014493	0.014494	0.014495	0.014496	0.014481	0.014183	0.013904	0.013561	0.013219	0.012879	0.012541	0.012205	0.011872	0.01154	0.01121	0.010882	0.010557	0.010233	0.009911	0.009591	0.009274	0.008958	0.008645	0.008334	0.008025	0.007718	0.007413	0.00711
Q12189	pentose phosphate // pentose phosphate	0	0.002304	0.003275	0.004198	0.004882	0.005406	0.005819	0.006151	0.006422	0.006646	0.006833	0.006991	0.007125	0.00724	0.007338	0.007423	0.007496	0.007559	0.007614	0.007661	0.007702	0.007737	0.007767	0.007793	0.007815	0.007834	0.007849	0.007862	0.007872	0.00788	0.007885	0.007889	0.007891	0.007892	0.007891	0.007889	0.007886	0.007882	0.007876	0.00787	0.007863	0.007855	0.007847	0.007838	0.007828	0.007818	0.007808	0.007798	0.007787	0.007775	0.007764	0.007752	0.007739	0.007727	0.007713	0.00769	0.007654	0.00656	0.005653	0.005774	0.005894	0.006013	0.006133	0.006252	0.006372	0.006491	0.006611	0.006731	0.006851	0.00697	0.00709	0.00721	0.00733	0.007448	0.007562	0.007658	0.007754	0.007851	0.007948	0.008044	0.008141
Q12233	Oxidative Phosphorylation	0.012169	0.011827	0.011687	0.011558	0.011462	0.011387	0.011329	0.011281	0.011242	0.01121	0.011182	0.011159	0.011139	0.011122	0.011107	0.011093	0.011082	0.011072	0.011063	0.011055	0.011048	0.011041	0.011036	0.011031	0.011026	0.011023	0.011019	0.011016	0.011013	0.011011	0.011009	0.011007	0.011005	0.011004	0.011003	0.011002	0.011001	0.011	0.011	0.010999	0.010999	0.010999	0.010999	0.010999	0.010999	0.010999	0.011	0.011	0.011	0.011	0.011001	0.011001	0.011002	0.011002	0.011003	0.011004	0.011005	0.010994	0.010767	0.010556	0.010295	0.010035	0.009777	0.009521	0.009266	0.009012	0.008761	0.00851	0.008261	0.008014	0.007768	0.007524	0.007281	0.00704	0.006801	0.006563	0.006327	0.006092	0.005859	0.005628	0.005398
Q12349	Oxidative Phosphorylation	0.013306	0.012932	0.012778	0.012637	0.012532	0.012451	0.012387	0.012335	0.012292	0.012257	0.012227	0.012201	0.012179	0.01216	0.012144	0.012129	0.012117	0.012106	0.012096	0.012087	0.012079	0.012073	0.012066	0.012061	0.012056	0.012052	0.012048	0.012045	0.012042	0.012039	0.012037	0.012035	0.012033	0.012032	0.01203	0.012029	0.012028	0.012028	0.012027	0.012027	0.012026	0.012026	0.012026	0.012026	0.012027	0.012027	0.012027	0.012027	0.012027	0.012028	0.012028	0.012029	0.012029	0.01203	0.01203	0.012031	0.012033	0.01202	0.011773	0.011541	0.011256	0.010972	0.01069	0.01041	0.010131	0.009854	0.009579	0.009305	0.009033	0.008762	0.008494	0.008227	0.007961	0.007698	0.007436	0.007176	0.006918	0.006661	0.006406	0.006153	0.005902
Q3E731	Oxidative Phosphorylation	0	0	0	0	0	0	0	0	0	0	0	0	0	0	0	0	0	0	0	0	0	0	0	0	0	0	0	0	0	0	0	0	0	0	0	0	0	0	0	0	0	0	0	0	0	0	0	0	0	0	0	0	0	0	0	0	0	0	0	0	0	0	0	0	0	0	0	0	0	0	0	0	0	0	0	0	0	0	0	0	0
